; FZS2 Boss Robotnik by supermystery's animation data
; see docs/air.txt for more information
; Scroll to the very bottom for the part relating to CPU control detection.
;---------------------------------------------------------------------------
; Standing Animation
[Begin Action 0]
Clsn2Default: 1
  Clsn2[0] = -50, -128, 42, -57
Clsn1: 2
  Clsn1[0] = -25, -96, 41, -71
  Clsn1[1] = -31, -58, 24, 0
0,0, 0,0, 10


;Walk Forward 1
[Begin Action 989]
Clsn1: 2
  Clsn1[0] = -20, -91, 37, -77
  Clsn1[1] = -28, -60, 19, 0
Clsn2: 1
  Clsn2[0] = -55, -128, 41, -59
900,0, 0,0, 1
Clsn1: 2
  Clsn1[0] = -30, -59, 23, 1
  Clsn1[1] = -22, -91, 38, -75
Clsn2: 1
  Clsn2[0] = -55, -128, 41, -59
900,1, 0,0, 1
Clsn1: 2
  Clsn1[0] = -23, -90, 38, -74
  Clsn1[1] = -24, -59, 11, -1
Clsn2: 1
  Clsn2[0] = -55, -128, 41, -59
900,2, 0,0, 1
Clsn1: 2
  Clsn1[0] = -24, -91, 35, -79
  Clsn1[1] = -24, -60, 11, 0
Clsn2: 1
  Clsn2[0] = -55, -128, 41, -59
900,3, 0,0, 1
Clsn1: 2
  Clsn1[0] = -25, -60, 10, 2
  Clsn1[1] = -22, -90, 33, -78
Clsn2: 1
  Clsn2[0] = -55, -128, 41, -59
900,4, 0,0, 1
Clsn1: 2
  Clsn1[0] = -23, -60, 12, 1
  Clsn1[1] = -26, -91, 38, -78
Clsn2: 1
  Clsn2[0] = -55, -128, 41, -59
900,5, 0,0, 1
Clsn1: 2
  Clsn1[0] = -23, -59, 12, 1
  Clsn1[1] = -23, -91, 37, -78
Clsn2: 1
  Clsn2[0] = -55, -128, 41, -59
900,6, 0,0, 1
Clsn1: 2
  Clsn1[0] = -25, -94, 39, -79
  Clsn1[1] = -25, -59, 10, 0
Clsn2: 1
  Clsn2[0] = -55, -128, 41, -59
900,7, 0,0, 1
Clsn1: 2
  Clsn1[0] = -27, -94, 32, -78
  Clsn1[1] = -20, -60, 15, 0
Clsn2: 1
  Clsn2[0] = -55, -128, 41, -59
900,8, 0,0, 1
Clsn1: 2
  Clsn1[0] = -23, -60, 12, 1
  Clsn1[1] = -30, -91, 28, -80
Clsn2: 1
  Clsn2[0] = -55, -128, 41, -59
900,9, 0,0, 1
Clsn1: 2
  Clsn1[0] = -24, -59, 11, 1
  Clsn1[1] = -32, -94, 36, -80
Clsn2: 1
  Clsn2[0] = -55, -128, 41, -59
900,10, 0,0, 1
Clsn1: 2
  Clsn1[0] = -25, -59, 14, 0
  Clsn1[1] = -26, -94, 36, -81
Clsn2: 1
  Clsn2[0] = -55, -128, 41, -59
900,11, 0,0, 1
Clsn1: 2
  Clsn1[0] = -24, -60, 11, 3
  Clsn1[1] = -22, -94, 29, -82
Clsn2: 1
  Clsn2[0] = -55, -128, 41, -59
900,12, 0,0, 1
Clsn1: 2
  Clsn1[0] = -20, -59, 15, 0
  Clsn1[1] = -21, -93, 34, -78
Clsn2: 1
  Clsn2[0] = -55, -128, 41, -59
900,13, 0,0, 1
Clsn1: 2
  Clsn1[0] = -22, -60, 13, 1
  Clsn1[1] = -23, -96, 31, -80
Clsn2: 1
  Clsn2[0] = -55, -128, 41, -59
900,14, 0,0, 1
Clsn1: 2
  Clsn1[0] = -25, -60, 10, 1
  Clsn1[1] = -28, -96, 33, -82
Clsn2: 1
  Clsn2[0] = -55, -128, 41, -59
900,15, 0,0, 1
Clsn1: 2
  Clsn1[0] = -23, -62, 12, -1
  Clsn1[1] = -28, -96, 33, -82
Clsn2: 1
  Clsn2[0] = -55, -130, 41, -61
900,16, 0,0, 1
Clsn1: 2
  Clsn1[0] = -23, -63, 12, 2
  Clsn1[1] = -25, -95, 35, -81
Clsn2: 1
  Clsn2[0] = -55, -130, 41, -61
900,17, 0,0, 1
Clsn1: 2
  Clsn1[0] = -23, -61, 12, 0
  Clsn1[1] = -30, -95, 37, -82
Clsn2: 1
  Clsn2[0] = -55, -128, 41, -59
900,18, 0,0, 1
Clsn1: 2
  Clsn1[0] = -21, -60, 14, 1
  Clsn1[1] = -23, -95, 34, -83
Clsn2: 1
  Clsn2[0] = -55, -128, 41, -59
900,19, 0,0, 1
Clsn1: 2
  Clsn1[0] = -16, -64, 10, 0
  Clsn1[1] = -26, -96, 36, -82
Clsn2: 1
  Clsn2[0] = -53, -132, 43, -63
900,20, 0,0, 1
Clsn1: 2
  Clsn1[0] = -20, -65, 15, 1
  Clsn1[1] = -30, -97, 33, -85
Clsn2: 1
  Clsn2[0] = -55, -133, 41, -64
900,21, 0,0, 1
Clsn1: 2
  Clsn1[0] = -21, -60, 14, 1
  Clsn1[1] = -32, -97, 34, -82
Clsn2: 1
  Clsn2[0] = -55, -128, 41, -59
900,22, 0,0, 1
Clsn1: 2
  Clsn1[0] = -27, -65, 8, 1
  Clsn1[1] = -26, -96, 31, -84
Clsn2: 1
  Clsn2[0] = -55, -134, 41, -65
900,23, 0,0, 1
Clsn1: 2
  Clsn1[0] = -26, -61, 9, 1
  Clsn1[1] = -38, -97, 28, -84
Clsn2: 1
  Clsn2[0] = -55, -134, 41, -61
900,24, 0,0, 1
Clsn1: 2
  Clsn1[0] = -27, -66, 8, 1
  Clsn1[1] = -29, -100, 30, -85
Clsn2: 1
  Clsn2[0] = -55, -134, 41, -65
900,25, 0,0, 1
Clsn1: 2
  Clsn1[0] = -23, -67, 12, 1
  Clsn1[1] = -32, -99, 27, -83
Clsn2: 1
  Clsn2[0] = -54, -135, 42, -66
900,26, 0,0, 1
Clsn1: 2
  Clsn1[0] = -24, -66, 11, 1
  Clsn1[1] = -29, -99, 29, -85
Clsn2: 1
  Clsn2[0] = -55, -134, 41, -65
900,27, 0,0, 1
Clsn1: 2
  Clsn1[0] = -26, -66, 9, 2
  Clsn1[1] = -26, -98, 28, -87
Clsn2: 1
  Clsn2[0] = -54, -134, 42, -65
900,28, 0,0, 1
Clsn1: 2
  Clsn1[0] = -26, -66, 9, 2
  Clsn1[1] = -26, -98, 29, -86
Clsn2: 1
  Clsn2[0] = -54, -134, 42, -65
900,29, 0,0, 1
Clsn1: 2
  Clsn1[0] = -23, -66, 12, 1
  Clsn1[1] = -26, -99, 31, -89
Clsn2: 1
  Clsn2[0] = -52, -134, 44, -65
900,30, 0,0, 1
Clsn1: 2
  Clsn1[0] = -26, -67, 9, 1
  Clsn1[1] = -19, -98, 32, -88
Clsn2: 1
  Clsn2[0] = -52, -135, 44, -66
900,31, 0,0, 1
Clsn1: 2
  Clsn1[0] = -19, -68, 20, 0
  Clsn1[1] = -26, -101, 35, -89
Clsn2: 1
  Clsn2[0] = -50, -136, 46, -67
900,32, 0,0, 1
Clsn1: 2
  Clsn1[0] = -21, -67, 14, 2
  Clsn1[1] = -24, -100, 37, -89
Clsn2: 1
  Clsn2[0] = -50, -136, 46, -67
900,33, 0,0, 1
Clsn1: 2
  Clsn1[0] = -22, -68, 19, 0
  Clsn1[1] = -22, -101, 33, -88
Clsn2: 1
  Clsn2[0] = -47, -136, 49, -67
900,34, 0,0, 1
Clsn1: 2
  Clsn1[0] = -7, -67, 18, 0
  Clsn1[1] = -21, -103, 35, -90
Clsn2: 1
  Clsn2[0] = -47, -136, 49, -67
900,35, 0,0, 1
Clsn1: 2
  Clsn1[0] = 0, -104, 60, -91
  Clsn1[1] = -13, -69, 22, 1
Clsn2: 1
  Clsn2[0] = -44, -137, 52, -68
900,36, 0,0, 1
Clsn1: 2
  Clsn1[0] = -17, -69, 18, 1
  Clsn1[1] = -1, -104, 61, -90
Clsn2: 1
  Clsn2[0] = -44, -137, 52, -68
900,37, 0,0, 1
Clsn1: 2
  Clsn1[0] = -15, -69, 20, 1
  Clsn1[1] = -9, -104, 61, -87
Clsn2: 1
  Clsn2[0] = -44, -137, 52, -68
900,38, 0,0, 1
Clsn1: 2
  Clsn1[0] = -18, -69, 17, 1
  Clsn1[1] = -8, -103, 58, -91
Clsn2: 1
  Clsn2[0] = -41, -137, 55, -68
900,39, 0,0, 1
Clsn1: 2
  Clsn1[0] = -18, -68, 25, 2
  Clsn1[1] = -14, -105, 62, -89
Clsn2: 1
  Clsn2[0] = -41, -137, 55, -68
900,40, 0,0, 1
Clsn1: 2
  Clsn1[0] = -12, -69, 23, 2
  Clsn1[1] = -16, -106, 65, -88
Clsn2: 1
  Clsn2[0] = -41, -137, 55, -68
900,41, 0,0, 1
Clsn1: 2
  Clsn1[0] = -15, -69, 20, 1
  Clsn1[1] = -12, -104, 65, -91
Clsn2: 1
  Clsn2[0] = -39, -137, 57, -68
900,42, 0,0, 1
Clsn1: 2
  Clsn1[0] = -13, -69, 22, 0
  Clsn1[1] = -15, -104, 62, -91
Clsn2: 1
  Clsn2[0] = -39, -137, 57, -68
900,43, 0,0, 1
Clsn1: 2
  Clsn1[0] = -7, -69, 28, 1
  Clsn1[1] = -10, -104, 69, -90
Clsn2: 1
  Clsn2[0] = -35, -137, 61, -68
900,44, 0,0, 1
Clsn1: 2
  Clsn1[0] = -8, -69, 27, 0
  Clsn1[1] = -19, -102, 66, -89
Clsn2: 1
  Clsn2[0] = -35, -137, 61, -68
900,45, 0,0, 1
Clsn1: 2
  Clsn1[0] = -3, -69, 32, 1
  Clsn1[1] = -8, -102, 70, -91
Clsn2: 1
  Clsn2[0] = -35, -137, 61, -68
900,46, 0,0, 1
Clsn1: 2
  Clsn1[0] = -6, -69, 29, 1
  Clsn1[1] = -12, -103, 73, -92
Clsn2: 1
  Clsn2[0] = -33, -137, 63, -68
900,47, 0,0, 1
Clsn1: 2
  Clsn1[0] = -8, -70, 27, 2
  Clsn1[1] = -8, -101, 72, -90
Clsn2: 1
  Clsn2[0] = -33, -137, 63, -68
900,48, 0,0, 1
Clsn1: 2
  Clsn1[0] = -7, -69, 24, 0
  Clsn1[1] = -1, -101, 73, -89
Clsn2: 1
  Clsn2[0] = -33, -137, 63, -68
900,49, 0,0, 1
Clsn1: 2
  Clsn1[0] = -9, -69, 26, 1
  Clsn1[1] = -9, -100, 73, -87
Clsn2: 1
  Clsn2[0] = -31, -137, 65, -68
900,50, 0,0, 1
Clsn1: 2
  Clsn1[0] = -6, -69, 29, 1
  Clsn1[1] = -17, -99, 70, -87
Clsn2: 1
  Clsn2[0] = -31, -137, 65, -68
900,51, 0,0, 1
Clsn1: 2
  Clsn1[0] = -3, -65, 32, 0
  Clsn1[1] = -8, -98, 74, -85
Clsn2: 1
  Clsn2[0] = -31, -133, 65, -64
900,52, 0,0, 6
Clsn1: 2
  Clsn1[0] = -6, -65, 29, 1
  Clsn1[1] = -12, -96, 75, -85
Clsn2: 1
  Clsn2[0] = -31, -133, 65, -64
900,53, 0,0, 1
Clsn1: 2
  Clsn1[0] = -2, -64, 33, 1
  Clsn1[1] = -10, -95, 76, -85
Clsn2: 1
  Clsn2[0] = -31, -133, 65, -64
900,54, 0,0, 1
Clsn1: 2
  Clsn1[0] = -2, -64, 33, 1
  Clsn1[1] = -9, -94, 73, -83
Clsn2: 1
  Clsn2[0] = -31, -133, 65, -64
900,55, 0,0, 1
Clsn1: 2
  Clsn1[0] = -5, -64, 30, 2
  Clsn1[1] = 2, -93, 70, -84
Clsn2: 1
  Clsn2[0] = -31, -133, 65, -64
900,56, 0,0, 1
Clsn1: 2
  Clsn1[0] = -9, -65, 35, 1
  Clsn1[1] = -2, -95, 70, -85
Clsn2: 1
  Clsn2[0] = -31, -133, 65, -64
900,57, 0,0, 1
Clsn1: 2
  Clsn1[0] = -6, -64, 36, 1
  Clsn1[1] = -4, -93, 71, -81
Clsn2: 1
  Clsn2[0] = -31, -133, 65, -64
900,58, 0,0, 1
Clsn1: 2
  Clsn1[0] = -5, -65, 30, 1
  Clsn1[1] = -4, -93, 70, -80
Clsn2: 1
  Clsn2[0] = -31, -133, 65, -64
900,59, 0,0, 1
Clsn1: 2
  Clsn1[0] = -6, -60, 29, 1
  Clsn1[1] = -1, -93, 67, -79
Clsn2: 1
  Clsn2[0] = -30, -128, 66, -59
900,60, 0,0, 1
Clsn1: 2
  Clsn1[0] = -12, -94, 58, -75
  Clsn1[1] = -3, -59, 32, 1
Clsn2: 1
  Clsn2[0] = -30, -128, 66, -59
900,61, 0,0, 1
Clsn1: 3
  Clsn1[0] = -46, -128, -11, -78
  Clsn1[1] = -17, -95, 71, -74
  Clsn1[2] = -15, -60, 55, 0
Clsn2: 1
  Clsn2[0] = -30, -128, 66, -59
900,62, 0,0, 1

;-----------------------
;Walk Forward 2
[Begin Action 990]
Clsn1: 2
  Clsn1[0] = -31, -59, 13, 0
  Clsn1[1] = -25, -96, 43, -77
Clsn2: 1
  Clsn2[0] = -53, -127, 43, -58
900,63, -24,0, 1
Clsn1: 2
  Clsn1[0] = -27, -62, 8, 1
  Clsn1[1] = -36, -93, 40, -75
Clsn2: 1
  Clsn2[0] = -53, -129, 43, -60
900,64, -24,0, 1
Clsn1: 2
  Clsn1[0] = -29, -58, 19, 2
  Clsn1[1] = -31, -94, 47, -78
Clsn2: 1
  Clsn2[0] = -53, -126, 43, -57
900,65, -24,0, 1
Clsn1: 2
  Clsn1[0] = -29, -58, 19, 2
  Clsn1[1] = -31, -94, 47, -78
Clsn2: 1
  Clsn2[0] = -53, -126, 43, -57
900,66, -24,0, 1
Clsn1: 2
  Clsn1[0] = -26, -60, 22, 0
  Clsn1[1] = -31, -94, 47, -78
Clsn2: 1
  Clsn2[0] = -48, -128, 48, -59
900,67, -24,0, 1
Clsn1: 2
  Clsn1[0] = -26, -60, 22, 0
  Clsn1[1] = -31, -94, 47, -78
Clsn2: 1
  Clsn2[0] = -48, -128, 48, -59
900,68, -24,0, 1
Clsn1: 2
  Clsn1[0] = -26, -60, 22, 0
  Clsn1[1] = -31, -94, 47, -78
Clsn2: 1
  Clsn2[0] = -48, -128, 48, -59
900,69, -24,0, 1
Clsn1: 2
  Clsn1[0] = -22, -60, 26, 0
  Clsn1[1] = -31, -94, 47, -78
Clsn2: 1
  Clsn2[0] = -48, -129, 48, -60
900,70, -24,0, 1
Clsn1: 2
  Clsn1[0] = -22, -60, 26, 0
  Clsn1[1] = -31, -94, 47, -78
Clsn2: 1
  Clsn2[0] = -48, -129, 48, -60
900,71, -24,0, 1
Clsn1: 2
  Clsn1[0] = -22, -60, 26, 0
  Clsn1[1] = -31, -94, 47, -78
Clsn2: 1
  Clsn2[0] = -48, -129, 48, -60
900,72, -24,0, 1
Clsn1: 2
  Clsn1[0] = -22, -60, 26, 0
  Clsn1[1] = -26, -94, 52, -78
Clsn2: 1
  Clsn2[0] = -48, -129, 48, -60
900,73, -24,0, 1
Clsn1: 2
  Clsn1[0] = -23, -63, 25, 0
  Clsn1[1] = -22, -94, 56, -78
Clsn2: 1
  Clsn2[0] = -49, -131, 47, -62
900,74, -24,0, 1
Clsn1: 2
  Clsn1[0] = -23, -62, 25, 0
  Clsn1[1] = -23, -96, 55, -80
Clsn2: 1
  Clsn2[0] = -47, -130, 49, -61
900,75, -24,0, 1
Clsn1: 2
  Clsn1[0] = -22, -60, 26, 0
  Clsn1[1] = -23, -96, 55, -80
Clsn2: 1
  Clsn2[0] = -45, -131, 51, -59
900,76, -24,0, 1
Clsn1: 2
  Clsn1[0] = -23, -60, 32, 2
  Clsn1[1] = -22, -96, 56, -80
Clsn2: 1
  Clsn2[0] = -45, -131, 51, -60
900,77, -24,0, 1
Clsn1: 2
  Clsn1[0] = -16, -62, 32, 0
  Clsn1[1] = -22, -97, 50, -81
Clsn2: 1
  Clsn2[0] = -40, -130, 56, -61
900,78, -24,0, 1
Clsn1: 2
  Clsn1[0] = -20, -59, 28, 1
  Clsn1[1] = -25, -96, 53, -80
Clsn2: 1
  Clsn2[0] = -40, -134, 56, -58
900,79, -24,0, 1
Clsn1: 2
  Clsn1[0] = -16, -65, 32, 1
  Clsn1[1] = -18, -97, 50, -81
Clsn2: 1
  Clsn2[0] = -40, -133, 56, -64
900,80, -24,0, 1
Clsn1: 2
  Clsn1[0] = -15, -61, 33, 0
  Clsn1[1] = -22, -96, 56, -80
Clsn2: 1
  Clsn2[0] = -39, -129, 57, -60
900,81, -24,0, 1
Clsn1: 2
  Clsn1[0] = -15, -64, 33, 1
  Clsn1[1] = -21, -97, 57, -81
Clsn2: 1
  Clsn2[0] = -41, -132, 55, -63
900,82, -24,0, 1
Clsn1: 2
  Clsn1[0] = -10, -65, 38, 2
  Clsn1[1] = -16, -98, 52, -82
Clsn2: 1
  Clsn2[0] = -39, -133, 57, -64
900,83, -24,0, 1
Clsn1: 2
  Clsn1[0] = -12, -64, 36, 1
  Clsn1[1] = -5, -98, 56, -82
Clsn2: 1
  Clsn2[0] = -37, -132, 59, -63
900,84, -24,0, 1
Clsn1: 2
  Clsn1[0] = -11, -61, 37, 1
  Clsn1[1] = -3, -98, 54, -82
Clsn2: 1
  Clsn2[0] = -35, -130, 61, -61
900,85, -24,0, 1
Clsn1: 2
  Clsn1[0] = -13, -62, 35, -2
  Clsn1[1] = -6, -97, 57, -81
Clsn2: 1
  Clsn2[0] = -35, -131, 61, -62
900,86, -24,0, 1
Clsn1: 2
  Clsn1[0] = -9, -63, 39, 1
  Clsn1[1] = -14, -98, 64, -82
Clsn2: 1
  Clsn2[0] = -35, -132, 61, -63
900,87, -24,0, 1
Clsn1: 2
  Clsn1[0] = -1, -64, 34, 2
  Clsn1[1] = 0, -98, 60, -84
Clsn2: 1
  Clsn2[0] = -32, -133, 64, -64
900,88, -24,0, 1
Clsn1: 2
  Clsn1[0] = -9, -65, 39, 2
  Clsn1[1] = -9, -99, 59, -83
Clsn2: 1
  Clsn2[0] = -32, -133, 64, -64
900,89, -24,0, 1
Clsn1: 2
  Clsn1[0] = -5, -65, 43, 1
  Clsn1[1] = 4, -99, 64, -83
Clsn2: 1
  Clsn2[0] = -29, -133, 67, -64
900,90, -24,0, 1
Clsn1: 2
  Clsn1[0] = -6, -64, 42, 1
  Clsn1[1] = 1, -98, 61, -82
Clsn2: 1
  Clsn2[0] = -30, -133, 66, -64
900,91, -24,0, 1
Clsn1: 2
  Clsn1[0] = -6, -65, 42, 1
  Clsn1[1] = -11, -100, 67, -84
Clsn2: 1
  Clsn2[0] = -31, -133, 65, -64
900,92, -24,0, 1
Clsn1: 2
  Clsn1[0] = -10, -65, 38, 0
  Clsn1[1] = 5, -99, 60, -83
Clsn2: 1
  Clsn2[0] = -30, -133, 66, -64
900,93, -24,0, 1
Clsn1: 2
  Clsn1[0] = -3, -65, 45, 2
  Clsn1[1] = -6, -101, 62, -85
Clsn2: 1
  Clsn2[0] = -30, -133, 66, -64
900,94, -24,0, 1
Clsn1: 2
  Clsn1[0] = -5, -65, 43, 1
  Clsn1[1] = -12, -99, 66, -83
Clsn2: 1
  Clsn2[0] = -30, -136, 66, -67
898,1, -24,0, 1
Clsn1: 2
  Clsn1[0] = -7, -66, 41, 0
  Clsn1[1] = -12, -100, 66, -84
Clsn2: 1
  Clsn2[0] = -31, -134, 65, -65
898,2, -24,0, 1
Clsn1: 2
  Clsn1[0] = -10, -66, 38, 1
  Clsn1[1] = -16, -100, 62, -84
Clsn2: 1
  Clsn2[0] = -31, -133, 65, -64
898,3, -24,0, 1
Clsn1: 2
  Clsn1[0] = -4, -63, 37, -1
  Clsn1[1] = -14, -99, 64, -83
Clsn2: 1
  Clsn2[0] = -31, -135, 65, -63
898,4, -24,0, 1
Clsn1: 2
  Clsn1[0] = -7, -67, 41, 0
  Clsn1[1] = -14, -101, 64, -85
Clsn2: 1
  Clsn2[0] = -33, -135, 63, -66
898,5, -24,0, 1
Clsn1: 2
  Clsn1[0] = -5, -63, 43, 1
  Clsn1[1] = -15, -100, 63, -84
Clsn2: 1
  Clsn2[0] = -32, -134, 64, -63
898,6, -24,0, 1
Clsn1: 2
  Clsn1[0] = -9, -67, 39, 1
  Clsn1[1] = 5, -100, 66, -84
Clsn2: 1
  Clsn2[0] = -32, -134, 64, -65
898,7, -24,0, 1
Clsn1: 2
  Clsn1[0] = -3, -66, 45, 2
  Clsn1[1] = 5, -100, 66, -84
Clsn2: 1
  Clsn2[0] = -32, -134, 64, -65
899,0, -24,0, 1
Clsn1: 2
  Clsn1[0] = -1, -66, 47, 2
  Clsn1[1] = 5, -100, 66, -84
Clsn2: 1
  Clsn2[0] = -32, -133, 64, -64
899,1, -24,0, 1
Clsn1: 2
  Clsn1[0] = 5, -100, 66, -84
  Clsn1[1] = -1, -66, 47, 2
Clsn2: 1
  Clsn2[0] = -28, -134, 68, -65
899,2, -24,0, 1
Clsn1: 2
  Clsn1[0] = 5, -100, 66, -84
  Clsn1[1] = -1, -66, 47, 2
Clsn2: 1
  Clsn2[0] = -28, -134, 68, -65
899,4, -24,0, 1
Clsn1: 2
  Clsn1[0] = 5, -100, 66, -84
  Clsn1[1] = -1, -66, 47, 2
Clsn2: 1
  Clsn2[0] = -28, -134, 68, -65
899,5, -24,0, 1
Clsn1: 2
  Clsn1[0] = 5, -100, 66, -84
  Clsn1[1] = -1, -66, 47, 2
Clsn2: 1
  Clsn2[0] = -28, -134, 68, -65
899,6, -24,0, 1
Clsn1: 2
  Clsn1[0] = 5, -100, 66, -84
  Clsn1[1] = -1, -66, 47, 2
Clsn2: 1
  Clsn2[0] = -28, -134, 68, -65
899,7, -24,0, 1
Clsn1: 2
  Clsn1[0] = 5, -100, 66, -84
  Clsn1[1] = -1, -66, 47, 2
Clsn2: 1
  Clsn2[0] = -28, -134, 68, -65
901,0, -24,0, 1
Clsn1: 2
  Clsn1[0] = 5, -100, 66, -84
  Clsn1[1] = -1, -66, 47, 2
Clsn2: 1
  Clsn2[0] = -28, -134, 68, -65
901,1, -24,0, 1
Clsn1: 2
  Clsn1[0] = 5, -100, 66, -84
  Clsn1[1] = -1, -66, 47, 2
Clsn2: 1
  Clsn2[0] = -28, -134, 68, -65
901,2, -24,0, 1
Clsn1: 2
  Clsn1[0] = 5, -100, 66, -84
  Clsn1[1] = -1, -66, 47, 2
Clsn2: 1
  Clsn2[0] = -28, -134, 68, -65
901,3, -24,0, 1
Clsn1: 2
  Clsn1[0] = 5, -100, 66, -84
  Clsn1[1] = -1, -66, 47, 2
Clsn2: 1
  Clsn2[0] = -28, -134, 68, -65
901,4, -24,0, 1
Clsn1: 2
  Clsn1[0] = 5, -100, 66, -84
  Clsn1[1] = -1, -66, 47, 2
Clsn2: 1
  Clsn2[0] = -28, -134, 68, -65
901,5, -24,0, 1
Clsn1: 2
  Clsn1[0] = 5, -100, 66, -84
  Clsn1[1] = -1, -66, 47, 2
Clsn2: 1
  Clsn2[0] = -28, -134, 68, -65
901,6, -24,0, 1
Clsn1: 2
  Clsn1[0] = 5, -100, 66, -84
  Clsn1[1] = -1, -66, 47, 2
Clsn2: 1
  Clsn2[0] = -28, -134, 68, -65
901,7, -24,0, 1
Clsn1: 2
  Clsn1[0] = 5, -100, 66, -84
  Clsn1[1] = -1, -66, 47, 2
Clsn2: 1
  Clsn2[0] = -28, -134, 68, -65
901,8, -24,0, 1
Clsn1: 2
  Clsn1[0] = 13, -102, 74, -86
  Clsn1[1] = -1, -66, 47, 2
Clsn2: 1
  Clsn2[0] = -24, -133, 72, -64
901,9, -24,0, 1
Clsn1: 2
  Clsn1[0] = 14, -102, 75, -86
  Clsn1[1] = -1, -66, 47, 2
Clsn2: 1
  Clsn2[0] = -24, -132, 72, -63
901,10, -24,0, 1
Clsn1: 2
  Clsn1[0] = 2, -64, 50, 2
  Clsn1[1] = 14, -102, 75, -86
Clsn2: 1
  Clsn2[0] = -24, -132, 72, -63
901,11, -24,0, 1
Clsn1: 2
  Clsn1[0] = 17, -104, 78, -88
  Clsn1[1] = 2, -64, 50, 2
Clsn2: 1
  Clsn2[0] = -20, -136, 76, -63
901,12, -24,0, 1
Clsn1: 2
  Clsn1[0] = 17, -104, 78, -88
  Clsn1[1] = 2, -64, 50, 2
Clsn2: 1
  Clsn2[0] = -20, -136, 76, -63
901,13, -24,0, 1
Clsn1: 2
  Clsn1[0] = 2, -64, 50, 2
  Clsn1[1] = 17, -104, 78, -88
Clsn2: 1
  Clsn2[0] = -18, -136, 78, -63
901,14, -24,0, 1
Clsn1: 2
  Clsn1[0] = 5, -65, 53, 1
  Clsn1[1] = 20, -105, 81, -89
Clsn2: 1
  Clsn2[0] = -18, -137, 78, -64
901,15, -24,0, 1
Clsn1: 2
  Clsn1[0] = 20, -105, 81, -89
  Clsn1[1] = 5, -65, 53, 1
Clsn2: 1
  Clsn2[0] = -15, -136, 81, -63
901,16, -24,0, 1
Clsn1: 2
  Clsn1[0] = 20, -105, 81, -89
  Clsn1[1] = 5, -65, 53, 1
Clsn2: 1
  Clsn2[0] = -15, -136, 81, -63
901,17, -24,0, 1
Clsn1: 2
  Clsn1[0] = 5, -65, 53, 1
  Clsn1[1] = 20, -105, 81, -89
Clsn2: 1
  Clsn2[0] = -13, -138, 83, -65
901,18, -24,0, 1
Clsn1: 2
  Clsn1[0] = 24, -105, 85, -89
  Clsn1[1] = 5, -65, 53, 1
Clsn2: 1
  Clsn2[0] = -13, -138, 83, -64
901,19, -24,0, 1
Clsn1: 2
  Clsn1[0] = 27, -105, 88, -89
  Clsn1[1] = 5, -65, 53, 1
Clsn2: 1
  Clsn2[0] = -14, -138, 82, -64
901,20, -24,0, 1
Clsn1: 2
  Clsn1[0] = 28, -106, 89, -90
  Clsn1[1] = 5, -65, 53, 1
Clsn2: 1
  Clsn2[0] = -9, -139, 87, -65
901,21, -24,0, 1
Clsn1: 2
  Clsn1[0] = 31, -106, 92, -90
  Clsn1[1] = 5, -65, 53, 1
Clsn2: 1
  Clsn2[0] = -8, -138, 88, -64
901,22, -24,0, 1
Clsn1: 2
  Clsn1[0] = 31, -106, 92, -90
  Clsn1[1] = 5, -65, 53, 1
Clsn2: 1
  Clsn2[0] = -8, -138, 88, -64
901,23, -24,0, 1
Clsn1: 2
  Clsn1[0] = 31, -106, 92, -90
  Clsn1[1] = 5, -65, 53, 1
Clsn2: 1
  Clsn2[0] = -8, -138, 88, -64
901,24, -24,0, 1
Clsn1: 2
  Clsn1[0] = 31, -106, 92, -90
  Clsn1[1] = 5, -65, 53, 1
Clsn2: 1
  Clsn2[0] = -8, -138, 88, -64
901,25, -24,0, 1
Clsn1: 2
  Clsn1[0] = 31, -106, 92, -90
  Clsn1[1] = 5, -65, 53, 1
Clsn2: 1
  Clsn2[0] = -8, -138, 88, -64
901,26, -24,0, 1
Clsn1: 2
  Clsn1[0] = 31, -106, 92, -90
  Clsn1[1] = 5, -65, 53, 1
Clsn2: 1
  Clsn2[0] = -8, -138, 88, -64
901,27, -24,0, 1
Clsn1: 2
  Clsn1[0] = 31, -106, 92, -90
  Clsn1[1] = 5, -65, 53, 1
Clsn2: 1
  Clsn2[0] = -8, -138, 88, -64
901,28, -24,0, 1
Clsn1: 2
  Clsn1[0] = 39, -103, 100, -87
  Clsn1[1] = 5, -65, 53, 1
Clsn2: 1
  Clsn2[0] = -5, -138, 91, -64
901,29, -24,0, 1
Clsn1: 2
  Clsn1[0] = 39, -103, 100, -87
  Clsn1[1] = 5, -65, 53, 1
Clsn2: 1
  Clsn2[0] = -5, -138, 91, -64
901,30, -24,0, 6
Clsn1: 2
  Clsn1[0] = 39, -103, 100, -87
  Clsn1[1] = 5, -65, 53, 1
Clsn2: 1
  Clsn2[0] = -5, -138, 91, -64
901,31, -24,0, 1
Clsn1: 2
  Clsn1[0] = 39, -101, 100, -85
  Clsn1[1] = 5, -65, 53, 1
Clsn2: 1
  Clsn2[0] = -5, -134, 91, -60
901,32, -24,0, 1
Clsn1: 2
  Clsn1[0] = 39, -101, 100, -85
  Clsn1[1] = 5, -65, 53, 1
Clsn2: 1
  Clsn2[0] = -5, -134, 91, -60
901,33, -24,0, 1
Clsn1: 2
  Clsn1[0] = 38, -98, 99, -82
  Clsn1[1] = 5, -65, 53, 1
Clsn2: 1
  Clsn2[0] = -5, -134, 91, -60
901,34, -24,0, 1
Clsn1: 2
  Clsn1[0] = 38, -98, 99, -82
  Clsn1[1] = 5, -65, 53, 1
Clsn2: 1
  Clsn2[0] = -5, -134, 91, -60
901,35, -24,0, 1
Clsn1: 2
  Clsn1[0] = 5, -59, 53, 1
  Clsn1[1] = 38, -98, 99, -82
Clsn2: 1
  Clsn2[0] = -7, -132, 89, -58
901,36, -24,0, 1
Clsn1: 2
  Clsn1[0] = 5, -59, 53, 1
  Clsn1[1] = 38, -98, 99, -82
Clsn2: 1
  Clsn2[0] = -7, -132, 89, -58
901,37, -24,0, 1
Clsn1: 2
  Clsn1[0] = 5, -59, 53, 1
  Clsn1[1] = 38, -98, 99, -82
Clsn2: 1
  Clsn2[0] = -7, -132, 89, -58
901,38, -24,0, 1
Clsn1: 2
  Clsn1[0] = 38, -96, 99, -80
  Clsn1[1] = 5, -59, 53, 1
Clsn2: 1
  Clsn2[0] = -3, -130, 93, -56
901,39, -24,0, 1
Clsn1: 2
  Clsn1[0] = 38, -96, 99, -80
  Clsn1[1] = 5, -59, 53, 1
Clsn2: 1
  Clsn2[0] = -3, -130, 93, -56
901,40, -24,0, 1
Clsn1: 2
  Clsn1[0] = 38, -96, 99, -80
  Clsn1[1] = 5, -59, 53, 1
Clsn2: 1
  Clsn2[0] = -3, -130, 93, -56
901,41, -24,0, 1
Clsn1: 2
  Clsn1[0] = 37, -95, 98, -79
  Clsn1[1] = 5, -59, 53, 1
Clsn2: 1
  Clsn2[0] = -3, -128, 93, -54
901,42, -24,0, 1
Clsn1: 3
  Clsn1[0] = -19, -128, 16, -78
  Clsn1[1] = 5, -59, 53, 1
  Clsn1[2] = 34, -93, 95, -77
Clsn2: 1
  Clsn2[0] = -3, -128, 93, -54
901,43, -24,0, 1

;------------------------------------------
;Walk Forward 3
[Begin Action 991]
Clsn1: 2
  Clsn1[0] = -30, -65, 18, 0
  Clsn1[1] = -18, -94, 43, -78
Clsn2: 1
  Clsn2[0] = -51, -128, 43, -63
901,44, -72,0, 1
Clsn1: 2
  Clsn1[0] = -30, -65, 18, 0
  Clsn1[1] = -18, -94, 43, -78
Clsn2: 1
  Clsn2[0] = -51, -128, 43, -63
901,45, -72,0, 1
Clsn1: 2
  Clsn1[0] = -30, -65, 18, 0
  Clsn1[1] = -18, -94, 43, -78
Clsn2: 1
  Clsn2[0] = -51, -128, 43, -63
901,46, -72,0, 1
Clsn1: 2
  Clsn1[0] = -14, -94, 47, -78
  Clsn1[1] = -30, -65, 18, 0
Clsn2: 1
  Clsn2[0] = -49, -129, 45, -64
901,47, -72,0, 1
Clsn1: 2
  Clsn1[0] = -14, -94, 47, -78
  Clsn1[1] = -30, -65, 18, 0
Clsn2: 1
  Clsn2[0] = -49, -129, 45, -64
901,48, -72,0, 1
Clsn1: 2
  Clsn1[0] = -14, -94, 47, -78
  Clsn1[1] = -30, -65, 18, 0
Clsn2: 1
  Clsn2[0] = -49, -129, 45, -64
901,49, -72,0, 1
Clsn1: 2
  Clsn1[0] = -14, -94, 47, -78
  Clsn1[1] = -30, -65, 18, 0
Clsn2: 1
  Clsn2[0] = -49, -129, 45, -64
901,50, -72,0, 1
Clsn1: 2
  Clsn1[0] = -14, -94, 47, -78
  Clsn1[1] = -30, -65, 18, 0
Clsn2: 1
  Clsn2[0] = -49, -129, 45, -64
901,51, -72,0, 1
Clsn1: 2
  Clsn1[0] = -22, -65, 26, 0
  Clsn1[1] = -14, -94, 47, -78
Clsn2: 1
  Clsn2[0] = -45, -129, 49, -64
901,52, -72,0, 1
Clsn1: 2
  Clsn1[0] = -22, -65, 26, 0
  Clsn1[1] = -14, -94, 47, -78
Clsn2: 1
  Clsn2[0] = -45, -129, 49, -64
901,53, -72,0, 1
Clsn1: 2
  Clsn1[0] = -11, -95, 50, -79
  Clsn1[1] = -22, -65, 26, 0
Clsn2: 1
  Clsn2[0] = -44, -128, 50, -63
901,54, -72,0, 1
Clsn1: 2
  Clsn1[0] = -11, -95, 50, -79
  Clsn1[1] = -22, -65, 26, 0
Clsn2: 1
  Clsn2[0] = -44, -128, 50, -63
901,55, -72,0, 1
Clsn1: 2
  Clsn1[0] = -11, -95, 50, -79
  Clsn1[1] = -22, -65, 26, 0
Clsn2: 1
  Clsn2[0] = -44, -128, 50, -63
901,56, -72,0, 1
Clsn1: 2
  Clsn1[0] = -11, -95, 50, -79
  Clsn1[1] = -22, -65, 26, 0
Clsn2: 1
  Clsn2[0] = -44, -128, 50, -63
901,57, -72,0, 1
Clsn1: 2
  Clsn1[0] = -11, -95, 50, -79
  Clsn1[1] = -22, -65, 26, 0
Clsn2: 1
  Clsn2[0] = -44, -128, 50, -63
901,58, -72,0, 1
Clsn1: 2
  Clsn1[0] = -18, -65, 30, 0
  Clsn1[1] = -7, -96, 54, -80
Clsn2: 1
  Clsn2[0] = -40, -129, 54, -64
901,59, -72,0, 1
Clsn1: 2
  Clsn1[0] = -18, -65, 30, 0
  Clsn1[1] = -7, -96, 54, -80
Clsn2: 1
  Clsn2[0] = -40, -129, 54, -64
901,60, -72,0, 1
Clsn1: 2
  Clsn1[0] = -18, -65, 30, 0
  Clsn1[1] = -7, -96, 54, -80
Clsn2: 1
  Clsn2[0] = -40, -129, 54, -64
901,61, -72,0, 1
Clsn1: 2
  Clsn1[0] = -3, -96, 58, -80
  Clsn1[1] = -18, -65, 30, 0
Clsn2: 1
  Clsn2[0] = -36, -129, 58, -64
901,62, -72,0, 1
Clsn1: 2
  Clsn1[0] = -3, -96, 58, -80
  Clsn1[1] = -18, -65, 30, 0
Clsn2: 1
  Clsn2[0] = -36, -129, 58, -64
901,63, -72,0, 1
Clsn1: 2
  Clsn1[0] = -3, -96, 58, -80
  Clsn1[1] = -18, -65, 30, 0
Clsn2: 1
  Clsn2[0] = -36, -129, 58, -64
901,64, -72,0, 1
Clsn1: 2
  Clsn1[0] = -3, -96, 58, -80
  Clsn1[1] = -18, -65, 30, 0
Clsn2: 1
  Clsn2[0] = -36, -129, 58, -64
901,65, -72,0, 1
Clsn1: 2
  Clsn1[0] = -3, -96, 58, -80
  Clsn1[1] = -18, -65, 30, 0
Clsn2: 1
  Clsn2[0] = -36, -129, 58, -64
901,66, -72,0, 1
Clsn1: 2
  Clsn1[0] = -11, -65, 37, 0
  Clsn1[1] = -3, -96, 58, -80
Clsn2: 1
  Clsn2[0] = -36, -129, 58, -64
901,67, -72,0, 1
Clsn1: 2
  Clsn1[0] = -3, -96, 58, -80
  Clsn1[1] = -11, -65, 37, 0
Clsn2: 1
  Clsn2[0] = -33, -129, 61, -64
901,68, -72,0, 1
Clsn1: 2
  Clsn1[0] = -2, -98, 59, -82
  Clsn1[1] = -11, -65, 37, 0
Clsn2: 1
  Clsn2[0] = -32, -129, 62, -64
901,69, -72,0, 1
Clsn1: 2
  Clsn1[0] = -2, -98, 59, -82
  Clsn1[1] = -11, -65, 37, 0
Clsn2: 1
  Clsn2[0] = -32, -129, 62, -64
901,70, -72,0, 1
Clsn1: 2
  Clsn1[0] = -8, -65, 40, 0
  Clsn1[1] = -2, -98, 59, -82
Clsn2: 1
  Clsn2[0] = -32, -129, 62, -64
901,71, -72,0, 1
Clsn1: 2
  Clsn1[0] = -8, -65, 40, 0
  Clsn1[1] = -2, -98, 59, -82
Clsn2: 1
  Clsn2[0] = -32, -129, 62, -64
901,72, -72,0, 1
Clsn1: 2
  Clsn1[0] = -8, -65, 40, 0
  Clsn1[1] = -2, -98, 59, -82
Clsn2: 1
  Clsn2[0] = -32, -129, 62, -64
901,73, -72,0, 1
Clsn1: 2
  Clsn1[0] = -8, -65, 40, 0
  Clsn1[1] = -2, -98, 59, -82
Clsn2: 1
  Clsn2[0] = -32, -129, 62, -64
901,74, -72,0, 1
Clsn1: 2
  Clsn1[0] = -8, -65, 40, 0
  Clsn1[1] = -2, -98, 59, -82
Clsn2: 1
  Clsn2[0] = -32, -129, 62, -64
901,75, -72,0, 1
Clsn1: 2
  Clsn1[0] = -8, -65, 40, 0
  Clsn1[1] = -2, -98, 59, -82
Clsn2: 1
  Clsn2[0] = -32, -129, 62, -64
901,76, -72,0, 1
Clsn1: 2
  Clsn1[0] = -8, -65, 40, 0
  Clsn1[1] = -2, -98, 59, -82
Clsn2: 1
  Clsn2[0] = -32, -129, 62, -64
901,77, -72,0, 1
Clsn1: 2
  Clsn1[0] = -2, -98, 59, -82
  Clsn1[1] = -8, -65, 40, 0
Clsn2: 1
  Clsn2[0] = -29, -129, 65, -64
901,78, -72,0, 1
Clsn1: 2
  Clsn1[0] = -2, -98, 59, -82
  Clsn1[1] = -8, -65, 40, 0
Clsn2: 1
  Clsn2[0] = -29, -129, 65, -64
901,79, -72,0, 1
Clsn1: 2
  Clsn1[0] = -2, -98, 59, -82
  Clsn1[1] = -8, -65, 40, 0
Clsn2: 1
  Clsn2[0] = -29, -129, 65, -64
901,80, -72,0, 1
Clsn1: 2
  Clsn1[0] = -2, -98, 59, -82
  Clsn1[1] = -8, -65, 40, 0
Clsn2: 1
  Clsn2[0] = -29, -129, 65, -64
901,81, -72,0, 1
Clsn1: 2
  Clsn1[0] = -2, -98, 59, -82
  Clsn1[1] = -8, -65, 40, 0
Clsn2: 1
  Clsn2[0] = -29, -129, 65, -64
901,82, -72,0, 1
Clsn1: 2
  Clsn1[0] = -2, -98, 59, -82
  Clsn1[1] = -8, -65, 40, 0
Clsn2: 1
  Clsn2[0] = -29, -129, 65, -64
901,83, -72,0, 1
Clsn1: 2
  Clsn1[0] = -2, -98, 59, -82
  Clsn1[1] = -8, -65, 40, 0
Clsn2: 1
  Clsn2[0] = -29, -129, 65, -64
901,84, -72,0, 1
Clsn1: 2
  Clsn1[0] = -9, -68, 39, 1
  Clsn1[1] = 2, -100, 63, -84
Clsn2: 1
  Clsn2[0] = -31, -135, 63, -67
901,85, -72,0, 1
Clsn1: 2
  Clsn1[0] = -9, -68, 39, 1
  Clsn1[1] = 2, -100, 63, -84
Clsn2: 1
  Clsn2[0] = -31, -135, 63, -67
901,86, -72,0, 1
Clsn1: 2
  Clsn1[0] = -9, -68, 39, 1
  Clsn1[1] = 2, -100, 63, -84
Clsn2: 1
  Clsn2[0] = -31, -135, 63, -67
901,87, -72,0, 1
Clsn1: 2
  Clsn1[0] = -9, -68, 39, 1
  Clsn1[1] = 2, -100, 63, -84
Clsn2: 1
  Clsn2[0] = -31, -135, 63, -67
901,88, -72,0, 1
Clsn1: 2
  Clsn1[0] = -9, -68, 39, 1
  Clsn1[1] = 2, -100, 63, -84
Clsn2: 1
  Clsn2[0] = -31, -135, 63, -67
901,89, -72,0, 1
Clsn1: 2
  Clsn1[0] = -9, -68, 39, 1
  Clsn1[1] = 2, -100, 63, -84
Clsn2: 1
  Clsn2[0] = -31, -135, 63, -67
901,90, -72,0, 1
Clsn1: 2
  Clsn1[0] = -9, -68, 39, 1
  Clsn1[1] = 2, -100, 63, -84
Clsn2: 1
  Clsn2[0] = -31, -135, 63, -67
901,91, -72,0, 1
Clsn1: 2
  Clsn1[0] = -9, -68, 39, 1
  Clsn1[1] = 2, -100, 63, -84
Clsn2: 1
  Clsn2[0] = -31, -135, 63, -67
901,92, -72,0, 1
Clsn1: 2
  Clsn1[0] = -9, -68, 39, 1
  Clsn1[1] = 2, -100, 63, -84
Clsn2: 1
  Clsn2[0] = -31, -135, 63, -67
901,93, -72,0, 1
Clsn1: 2
  Clsn1[0] = -8, -68, 40, 1
  Clsn1[1] = 2, -100, 63, -84
Clsn2: 1
  Clsn2[0] = -31, -135, 63, -67
901,94, -72,0, 1
Clsn1: 2
  Clsn1[0] = -8, -68, 40, 1
  Clsn1[1] = 2, -100, 63, -84
Clsn2: 1
  Clsn2[0] = -31, -135, 63, -67
901,95, -72,0, 1
Clsn1: 2
  Clsn1[0] = -8, -68, 40, 1
  Clsn1[1] = 2, -100, 63, -84
Clsn2: 1
  Clsn2[0] = -31, -135, 63, -67
901,96, -72,0, 1
Clsn1: 2
  Clsn1[0] = -8, -68, 40, 1
  Clsn1[1] = 2, -100, 63, -84
Clsn2: 1
  Clsn2[0] = -31, -135, 63, -67
901,97, -72,0, 1
Clsn1: 2
  Clsn1[0] = -8, -68, 40, 1
  Clsn1[1] = 2, -100, 63, -84
Clsn2: 1
  Clsn2[0] = -31, -135, 63, -67
901,98, -72,0, 1
Clsn1: 2
  Clsn1[0] = -8, -68, 40, 1
  Clsn1[1] = 2, -100, 63, -84
Clsn2: 1
  Clsn2[0] = -31, -135, 63, -67
901,99, -72,0, 1
Clsn1: 2
  Clsn1[0] = -2, -68, 46, 1
  Clsn1[1] = 2, -100, 63, -84
Clsn2: 1
  Clsn2[0] = -23, -135, 71, -67
901,100, -72,0, 1
Clsn1: 2
  Clsn1[0] = 12, -103, 73, -87
  Clsn1[1] = -2, -68, 46, 1
Clsn2: 1
  Clsn2[0] = -23, -136, 71, -68
901,101, -72,0, 1
Clsn1: 2
  Clsn1[0] = 12, -103, 73, -87
  Clsn1[1] = -2, -68, 46, 1
Clsn2: 1
  Clsn2[0] = -23, -136, 71, -68
901,102, -72,0, 1
Clsn1: 2
  Clsn1[0] = 12, -103, 73, -87
  Clsn1[1] = -2, -68, 46, 1
Clsn2: 1
  Clsn2[0] = -23, -136, 71, -68
901,103, -72,0, 1
Clsn1: 2
  Clsn1[0] = 12, -103, 73, -87
  Clsn1[1] = -2, -68, 46, 1
Clsn2: 1
  Clsn2[0] = -23, -136, 71, -68
901,104, -72,0, 1
Clsn1: 2
  Clsn1[0] = 20, -103, 81, -87
  Clsn1[1] = -2, -68, 46, 1
Clsn2: 1
  Clsn2[0] = -19, -134, 75, -66
901,105, -72,0, 1
Clsn1: 2
  Clsn1[0] = -1, -68, 47, 1
  Clsn1[1] = 20, -103, 81, -87
Clsn2: 1
  Clsn2[0] = -17, -135, 77, -67
901,106, -72,0, 1
Clsn1: 2
  Clsn1[0] = -1, -68, 47, 1
  Clsn1[1] = 20, -103, 81, -87
Clsn2: 1
  Clsn2[0] = -17, -135, 77, -67
901,107, -72,0, 1
Clsn1: 2
  Clsn1[0] = 25, -107, 86, -91
  Clsn1[1] = -1, -68, 47, 1
Clsn2: 1
  Clsn2[0] = -16, -136, 78, -68
901,108, -72,0, 1
Clsn1: 2
  Clsn1[0] = 25, -107, 86, -91
  Clsn1[1] = -1, -68, 47, 1
Clsn2: 1
  Clsn2[0] = -16, -136, 78, -68
901,109, -72,0, 1
Clsn1: 2
  Clsn1[0] = 25, -107, 86, -91
  Clsn1[1] = -1, -68, 47, 1
Clsn2: 1
  Clsn2[0] = -16, -136, 78, -68
901,110, -72,0, 1
Clsn1: 2
  Clsn1[0] = 25, -107, 86, -91
  Clsn1[1] = -1, -68, 47, 1
Clsn2: 1
  Clsn2[0] = -16, -136, 78, -68
901,111, -72,0, 1
Clsn1: 2
  Clsn1[0] = 25, -107, 86, -91
  Clsn1[1] = -1, -68, 47, 1
Clsn2: 1
  Clsn2[0] = -16, -136, 78, -68
901,112, -72,0, 1
Clsn1: 2
  Clsn1[0] = 5, -68, 53, 1
  Clsn1[1] = 31, -107, 92, -91
Clsn2: 1
  Clsn2[0] = -8, -136, 86, -68
901,113, -72,0, 6
Clsn1: 2
  Clsn1[0] = 5, -68, 53, 1
  Clsn1[1] = 31, -107, 92, -91
Clsn2: 1
  Clsn2[0] = -8, -136, 86, -68
901,114, -72,0, 1
Clsn1: 2
  Clsn1[0] = 5, -68, 53, 1
  Clsn1[1] = 31, -107, 92, -91
Clsn2: 1
  Clsn2[0] = -8, -136, 86, -68
901,115, -72,0, 1
Clsn1: 2
  Clsn1[0] = 5, -68, 53, 1
  Clsn1[1] = 31, -107, 92, -91
Clsn2: 1
  Clsn2[0] = -8, -136, 86, -68
901,116, -72,0, 1
Clsn1: 2
  Clsn1[0] = 33, -103, 94, -87
  Clsn1[1] = 5, -68, 53, 1
Clsn2: 1
  Clsn2[0] = -8, -136, 86, -68
901,117, -72,0, 1
Clsn1: 2
  Clsn1[0] = 39, -102, 100, -86
  Clsn1[1] = 5, -68, 53, 1
Clsn2: 1
  Clsn2[0] = -8, -136, 86, -68
901,118, -72,0, 1
Clsn1: 2
  Clsn1[0] = 39, -102, 100, -86
  Clsn1[1] = 5, -68, 53, 1
Clsn2: 1
  Clsn2[0] = -8, -136, 86, -68
901,119, -72,0, 1
Clsn1: 2
  Clsn1[0] = 39, -102, 100, -86
  Clsn1[1] = 5, -68, 53, 1
Clsn2: 1
  Clsn2[0] = -8, -136, 86, -68
901,120, -72,0, 1
Clsn1: 2
  Clsn1[0] = 39, -102, 100, -86
  Clsn1[1] = 5, -68, 53, 1
Clsn2: 1
  Clsn2[0] = -8, -136, 86, -68
901,121, -72,0, 1
Clsn1: 2
  Clsn1[0] = 39, -102, 100, -86
  Clsn1[1] = 5, -68, 53, 1
Clsn2: 1
  Clsn2[0] = -8, -136, 86, -68
901,122, -72,0, 1
Clsn1: 2
  Clsn1[0] = 14, -65, 62, 0
  Clsn1[1] = 39, -100, 100, -84
Clsn2: 1
  Clsn2[0] = -6, -132, 88, -64
901,123, -72,0, 1
Clsn1: 2
  Clsn1[0] = 41, -101, 102, -85
  Clsn1[1] = 14, -65, 62, 0
Clsn2: 1
  Clsn2[0] = -4, -132, 90, -64
901,124, -72,0, 1
Clsn1: 2
  Clsn1[0] = 15, -63, 63, 2
  Clsn1[1] = 41, -98, 102, -82
Clsn2: 1
  Clsn2[0] = 0, -131, 94, -63
901,125, -72,0, 1
Clsn1: 2
  Clsn1[0] = 41, -98, 102, -82
  Clsn1[1] = 15, -63, 63, 2
Clsn2: 1
  Clsn2[0] = 0, -130, 94, -62
901,126, -72,0, 1
Clsn1: 2
  Clsn1[0] = 41, -98, 102, -82
  Clsn1[1] = 15, -63, 63, 2
Clsn2: 1
  Clsn2[0] = 0, -130, 94, -62
901,127, -72,0, 1
Clsn1: 2
  Clsn1[0] = 41, -97, 102, -81
  Clsn1[1] = 15, -63, 63, 2
Clsn2: 1
  Clsn2[0] = 0, -130, 94, -62
901,128, -72,0, 1
Clsn1: 2
  Clsn1[0] = 41, -97, 102, -81
  Clsn1[1] = 15, -63, 63, 2
Clsn2: 1
  Clsn2[0] = 0, -130, 94, -62
901,129, -72,0, 1
Clsn1: 2
  Clsn1[0] = 41, -97, 102, -81
  Clsn1[1] = 15, -63, 63, 2
Clsn2: 1
  Clsn2[0] = 0, -130, 94, -62
901,130, -72,0, 1
Clsn1: 2
  Clsn1[0] = 38, -96, 99, -80
  Clsn1[1] = 15, -63, 63, 2
Clsn2: 1
  Clsn2[0] = 0, -129, 94, -61
901,131, -72,0, 1
Clsn1: 2
  Clsn1[0] = 38, -96, 99, -80
  Clsn1[1] = 15, -63, 63, 2
Clsn2: 1
  Clsn2[0] = 0, -129, 94, -61
901,132, -72,0, 1
Clsn1: 3
  Clsn1[0] = -16, -127, 19, -78
  Clsn1[1] = 15, -63, 63, 2
  Clsn1[2] = 38, -96, 99, -80
Clsn2: 1
  Clsn2[0] = 0, -129, 94, -61
Loopstart
901,133, -72,0, 1

;----------------------------------------------------
;Walk Forward 4
[Begin Action 992]
Clsn1: 2
  Clsn1[0] = -19, -94, 42, -78
  Clsn1[1] = -28, -62, 20, 3
Clsn2: 1
  Clsn2[0] = -54, -129, 40, -61
901,134, -120,0, 1
Clsn1: 2
  Clsn1[0] = -28, -62, 20, 3
  Clsn1[1] = -19, -94, 42, -78
Clsn2: 1
  Clsn2[0] = -53, -129, 41, -61
901,135, -120,0, 1
Clsn1: 2
  Clsn1[0] = -28, -62, 20, 3
  Clsn1[1] = -19, -94, 42, -78
Clsn2: 1
  Clsn2[0] = -53, -129, 41, -61
901,136, -120,0, 1
Clsn1: 2
  Clsn1[0] = -28, -62, 20, 3
  Clsn1[1] = -19, -94, 42, -78
Clsn2: 1
  Clsn2[0] = -53, -129, 41, -61
901,137, -120,0, 1
Clsn1: 2
  Clsn1[0] = -19, -94, 42, -78
  Clsn1[1] = -28, -62, 20, 3
Clsn2: 1
  Clsn2[0] = -49, -129, 45, -61
901,138, -120,0, 1
Clsn1: 2
  Clsn1[0] = -19, -94, 42, -78
  Clsn1[1] = -28, -62, 20, 3
Clsn2: 1
  Clsn2[0] = -49, -129, 45, -61
901,139, -120,0, 1
Clsn1: 2
  Clsn1[0] = -19, -94, 42, -78
  Clsn1[1] = -28, -62, 20, 3
Clsn2: 1
  Clsn2[0] = -49, -129, 45, -61
901,140, -120,0, 1
Clsn1: 2
  Clsn1[0] = -19, -94, 42, -78
  Clsn1[1] = -28, -62, 20, 3
Clsn2: 1
  Clsn2[0] = -49, -129, 45, -61
901,141, -120,0, 1
Clsn1: 2
  Clsn1[0] = -22, -62, 26, 3
  Clsn1[1] = -19, -94, 42, -78
Clsn2: 1
  Clsn2[0] = -42, -129, 52, -61
901,142, -120,0, 1
Clsn1: 2
  Clsn1[0] = -22, -62, 26, 3
  Clsn1[1] = -19, -94, 42, -78
Clsn2: 1
  Clsn2[0] = -42, -129, 52, -61
901,143, -120,0, 1
Clsn1: 2
  Clsn1[0] = -22, -62, 26, 3
  Clsn1[1] = -19, -94, 42, -78
Clsn2: 1
  Clsn2[0] = -42, -129, 52, -61
901,144, -120,0, 1
Clsn1: 2
  Clsn1[0] = -22, -62, 26, 3
  Clsn1[1] = -19, -94, 42, -78
Clsn2: 1
  Clsn2[0] = -42, -129, 52, -61
901,145, -120,0, 1
Clsn1: 2
  Clsn1[0] = -22, -62, 26, 3
  Clsn1[1] = -19, -94, 42, -78
Clsn2: 1
  Clsn2[0] = -42, -129, 52, -61
901,146, -120,0, 1
Clsn1: 2
  Clsn1[0] = -13, -97, 48, -81
  Clsn1[1] = -22, -62, 26, 3
Clsn2: 1
  Clsn2[0] = -42, -129, 52, -61
901,147, -120,0, 1
Clsn1: 2
  Clsn1[0] = -18, -62, 30, 3
  Clsn1[1] = -13, -97, 48, -81
Clsn2: 1
  Clsn2[0] = -42, -129, 52, -61
901,148, -120,0, 1
Clsn1: 2
  Clsn1[0] = -18, -62, 30, 3
  Clsn1[1] = -13, -97, 48, -81
Clsn2: 1
  Clsn2[0] = -42, -129, 52, -61
901,149, -120,0, 1
Clsn1: 2
  Clsn1[0] = -18, -62, 30, 3
  Clsn1[1] = -13, -97, 48, -81
Clsn2: 1
  Clsn2[0] = -42, -129, 52, -61
901,150, -120,0, 1
Clsn1: 2
  Clsn1[0] = -12, -63, 36, 2
  Clsn1[1] = -8, -98, 53, -82
Clsn2: 1
  Clsn2[0] = -36, -131, 58, -63
901,151, -120,0, 1
Clsn1: 2
  Clsn1[0] = -12, -63, 36, 2
  Clsn1[1] = -8, -98, 53, -82
Clsn2: 1
  Clsn2[0] = -36, -131, 58, -63
901,152, -120,0, 1
Clsn1: 2
  Clsn1[0] = -12, -63, 36, 2
  Clsn1[1] = -8, -98, 53, -82
Clsn2: 1
  Clsn2[0] = -36, -131, 58, -63
901,153, -120,0, 1
Clsn1: 2
  Clsn1[0] = -12, -63, 36, 2
  Clsn1[1] = -8, -98, 53, -82
Clsn2: 1
  Clsn2[0] = -36, -131, 58, -63
901,154, -120,0, 1
Clsn1: 2
  Clsn1[0] = -12, -63, 36, 2
  Clsn1[1] = -8, -98, 53, -82
Clsn2: 1
  Clsn2[0] = -36, -131, 58, -63
901,155, -120,0, 1
Clsn1: 2
  Clsn1[0] = -3, -98, 58, -82
  Clsn1[1] = -12, -63, 36, 2
Clsn2: 1
  Clsn2[0] = -32, -130, 62, -62
901,156, -120,0, 1
Clsn1: 2
  Clsn1[0] = -3, -98, 58, -82
  Clsn1[1] = -12, -63, 36, 2
Clsn2: 1
  Clsn2[0] = -32, -130, 62, -62
901,157, -120,0, 1
Clsn1: 2
  Clsn1[0] = -12, -63, 36, 2
  Clsn1[1] = -3, -98, 58, -82
Clsn2: 1
  Clsn2[0] = -31, -133, 63, -63
901,158, -120,0, 1
Clsn1: 2
  Clsn1[0] = -12, -63, 36, 2
  Clsn1[1] = -3, -98, 58, -82
Clsn2: 1
  Clsn2[0] = -31, -133, 63, -63
901,159, -120,0, 1
Clsn1: 2
  Clsn1[0] = -7, -63, 41, 2
  Clsn1[1] = -3, -98, 58, -82
Clsn2: 1
  Clsn2[0] = -30, -133, 64, -63
901,160, -120,0, 1
Clsn1: 2
  Clsn1[0] = 2, -100, 63, -84
  Clsn1[1] = -7, -63, 41, 2
Clsn2: 1
  Clsn2[0] = -30, -132, 64, -62
901,161, -120,0, 1
Clsn1: 2
  Clsn1[0] = 2, -100, 63, -84
  Clsn1[1] = -7, -63, 41, 2
Clsn2: 1
  Clsn2[0] = -30, -132, 64, -62
901,162, -120,0, 1
Clsn1: 2
  Clsn1[0] = 2, -100, 63, -84
  Clsn1[1] = -7, -63, 41, 2
Clsn2: 1
  Clsn2[0] = -30, -132, 64, -62
901,163, -120,0, 1
Clsn1: 2
  Clsn1[0] = 2, -100, 63, -84
  Clsn1[1] = -7, -63, 41, 2
Clsn2: 1
  Clsn2[0] = -30, -132, 64, -62
901,164, -120,0, 1
Clsn1: 2
  Clsn1[0] = -7, -63, 41, 2
  Clsn1[1] = 2, -100, 63, -84
Clsn2: 1
  Clsn2[0] = -28, -132, 66, -62
901,165, -120,0, 1
Clsn1: 2
  Clsn1[0] = -7, -63, 41, 2
  Clsn1[1] = 2, -100, 63, -84
Clsn2: 1
  Clsn2[0] = -28, -132, 66, -62
901,166, -120,0, 1
Clsn1: 2
  Clsn1[0] = -7, -63, 41, 2
  Clsn1[1] = 2, -100, 63, -84
Clsn2: 1
  Clsn2[0] = -28, -132, 66, -62
901,168, -120,0, 1
Clsn1: 2
  Clsn1[0] = -7, -63, 41, 2
  Clsn1[1] = 2, -100, 63, -84
Clsn2: 1
  Clsn2[0] = -28, -132, 66, -62
901,169, -120,0, 1
Clsn1: 2
  Clsn1[0] = -7, -63, 41, 2
  Clsn1[1] = 2, -100, 63, -84
Clsn2: 1
  Clsn2[0] = -28, -132, 66, -62
901,170, -120,0, 1
Clsn1: 2
  Clsn1[0] = -7, -63, 41, 2
  Clsn1[1] = 2, -100, 63, -84
Clsn2: 1
  Clsn2[0] = -28, -132, 66, -62
901,171, -120,0, 1
Clsn1: 2
  Clsn1[0] = -7, -63, 41, 2
  Clsn1[1] = 2, -100, 63, -84
Clsn2: 1
  Clsn2[0] = -28, -132, 66, -62
901,172, -120,0, 1
Clsn1: 2
  Clsn1[0] = -7, -63, 41, 2
  Clsn1[1] = 2, -100, 63, -84
Clsn2: 1
  Clsn2[0] = -28, -132, 66, -62
901,173, -120,0, 1
Clsn1: 2
  Clsn1[0] = -6, -63, 42, 2
  Clsn1[1] = 5, -100, 66, -84
Clsn2: 1
  Clsn2[0] = -27, -132, 67, -62
901,174, -120,0, 1
Clsn1: 2
  Clsn1[0] = -6, -63, 42, 2
  Clsn1[1] = 5, -100, 66, -84
Clsn2: 1
  Clsn2[0] = -27, -132, 67, -62
901,175, -120,0, 1
Clsn1: 2
  Clsn1[0] = -6, -63, 42, 2
  Clsn1[1] = 5, -100, 66, -84
Clsn2: 1
  Clsn2[0] = -27, -132, 67, -62
901,176, -120,0, 1
Clsn1: 2
  Clsn1[0] = -6, -63, 42, 2
  Clsn1[1] = 5, -100, 66, -84
Clsn2: 1
  Clsn2[0] = -27, -132, 67, -62
901,177, -120,0, 1
Clsn1: 2
  Clsn1[0] = 7, -100, 68, -84
  Clsn1[1] = -6, -63, 42, 2
Clsn2: 1
  Clsn2[0] = -27, -134, 67, -62
901,178, -120,0, 1
Clsn1: 2
  Clsn1[0] = 7, -100, 68, -84
  Clsn1[1] = -6, -63, 42, 2
Clsn2: 1
  Clsn2[0] = -27, -134, 67, -62
901,179, -120,0, 1
Clsn1: 2
  Clsn1[0] = 7, -100, 68, -84
  Clsn1[1] = -6, -63, 42, 2
Clsn2: 1
  Clsn2[0] = -27, -134, 67, -62
901,180, -120,0, 1
Clsn1: 2
  Clsn1[0] = -6, -63, 42, 2
  Clsn1[1] = 7, -100, 68, -84
Clsn2: 1
  Clsn2[0] = -25, -134, 69, -62
901,181, -120,0, 1
Clsn1: 2
  Clsn1[0] = 9, -100, 70, -84
  Clsn1[1] = -6, -63, 42, 2
Clsn2: 1
  Clsn2[0] = -29, -133, 65, -61
901,182, -120,0, 1
Clsn1: 2
  Clsn1[0] = 9, -101, 70, -85
  Clsn1[1] = -6, -63, 42, 2
Clsn2: 1
  Clsn2[0] = -26, -134, 68, -62
901,183, -120,0, 1
Clsn1: 2
  Clsn1[0] = 9, -101, 70, -85
  Clsn1[1] = -6, -63, 42, 2
Clsn2: 1
  Clsn2[0] = -26, -134, 68, -62
901,184, -120,0, 1
Clsn1: 2
  Clsn1[0] = 0, -62, 48, 3
  Clsn1[1] = 13, -102, 74, -86
Clsn2: 1
  Clsn2[0] = -24, -134, 70, -62
901,185, -120,0, 1
Clsn1: 2
  Clsn1[0] = 0, -62, 48, 3
  Clsn1[1] = 13, -102, 74, -86
Clsn2: 1
  Clsn2[0] = -24, -134, 70, -62
901,186, -120,0, 1
Clsn1: 2
  Clsn1[0] = 15, -102, 76, -86
  Clsn1[1] = 0, -62, 48, 3
Clsn2: 1
  Clsn2[0] = -22, -137, 72, -60
901,187, -120,0, 1
Clsn1: 2
  Clsn1[0] = 15, -102, 76, -86
  Clsn1[1] = 0, -62, 48, 3
Clsn2: 1
  Clsn2[0] = -22, -137, 72, -60
901,188, -120,0, 1
Clsn1: 2
  Clsn1[0] = 18, -102, 79, -86
  Clsn1[1] = 0, -62, 48, 3
Clsn2: 1
  Clsn2[0] = -21, -136, 73, -59
901,189, -120,0, 1
Clsn1: 2
  Clsn1[0] = 20, -104, 81, -88
  Clsn1[1] = 0, -62, 48, 3
Clsn2: 1
  Clsn2[0] = -19, -138, 75, -61
901,190, -120,0, 1
Clsn1: 2
  Clsn1[0] = 0, -62, 48, 3
  Clsn1[1] = 20, -104, 81, -88
Clsn2: 1
  Clsn2[0] = -17, -137, 77, -60
901,191, -120,0, 1
Clsn1: 2
  Clsn1[0] = 0, -62, 48, 3
  Clsn1[1] = 20, -104, 81, -88
Clsn2: 1
  Clsn2[0] = -17, -137, 77, -60
901,192, -120,0, 1
Clsn1: 2
  Clsn1[0] = 20, -104, 81, -88
  Clsn1[1] = 0, -62, 48, 3
Clsn2: 1
  Clsn2[0] = -14, -138, 80, -61
901,193, -120,0, 1
Clsn1: 2
  Clsn1[0] = 26, -105, 87, -89
  Clsn1[1] = 0, -62, 48, 3
Clsn2: 1
  Clsn2[0] = -12, -138, 82, -61
901,194, -120,0, 1
Clsn1: 2
  Clsn1[0] = 26, -105, 87, -89
  Clsn1[1] = 0, -62, 48, 3
Clsn2: 1
  Clsn2[0] = -12, -138, 82, -61
901,195, -120,0, 1
Clsn1: 2
  Clsn1[0] = 26, -105, 87, -89
  Clsn1[1] = 0, -62, 48, 3
Clsn2: 1
  Clsn2[0] = -12, -138, 82, -61
901,196, -120,0, 1
Clsn1: 2
  Clsn1[0] = 26, -105, 87, -89
  Clsn1[1] = 0, -62, 48, 3
Clsn2: 1
  Clsn2[0] = -12, -138, 82, -61
901,197, -120,0, 1
Clsn1: 2
  Clsn1[0] = 26, -105, 87, -89
  Clsn1[1] = 0, -62, 48, 3
Clsn2: 1
  Clsn2[0] = -12, -138, 82, -61
901,198, -120,0, 1
Clsn1: 2
  Clsn1[0] = 29, -105, 90, -89
  Clsn1[1] = 0, -62, 48, 3
Clsn2: 1
  Clsn2[0] = -9, -138, 85, -61
901,199, -120,0, 1
Clsn1: 2
  Clsn1[0] = 29, -105, 90, -89
  Clsn1[1] = 0, -62, 48, 3
Clsn2: 1
  Clsn2[0] = -9, -138, 85, -61
901,200, -120,0, 1
Clsn1: 2
  Clsn1[0] = 0, -62, 48, 3
  Clsn1[1] = 29, -105, 90, -89
Clsn2: 1
  Clsn2[0] = -9, -138, 85, -61
901,201, -120,0, 1
Clsn1: 2
  Clsn1[0] = 31, -105, 92, -89
  Clsn1[1] = 0, -62, 48, 3
Clsn2: 1
  Clsn2[0] = -5, -138, 89, -61
901,202, -120,0, 1
Clsn1: 2
  Clsn1[0] = 0, -62, 48, 3
  Clsn1[1] = 35, -105, 96, -89
Clsn2: 1
  Clsn2[0] = -5, -138, 89, -61
901,203, -120,0, 1
Clsn1: 2
  Clsn1[0] = 0, -62, 48, 3
  Clsn1[1] = 35, -105, 96, -89
Clsn2: 1
  Clsn2[0] = -5, -138, 89, -61
901,204, -120,0, 1
Clsn1: 2
  Clsn1[0] = 0, -62, 48, 3
  Clsn1[1] = 36, -102, 97, -86
Clsn2: 1
  Clsn2[0] = -5, -138, 89, -61
901,205, -120,0, 1
Clsn1: 2
  Clsn1[0] = 36, -102, 97, -86
  Clsn1[1] = 0, -62, 48, 3
Clsn2: 1
  Clsn2[0] = -5, -134, 89, -61
901,206, -120,0, 1
Clsn1: 2
  Clsn1[0] = 36, -102, 97, -86
  Clsn1[1] = 17, -62, 65, 3
Clsn2: 1
  Clsn2[0] = -5, -134, 89, -61
901,207, -120,0, 4
Clsn1: 2
  Clsn1[0] = 36, -102, 97, -86
  Clsn1[1] = 17, -62, 65, 3
Clsn2: 1
  Clsn2[0] = -5, -134, 89, -61
901,208, -120,0, 1
Clsn1: 2
  Clsn1[0] = 36, -102, 97, -86
  Clsn1[1] = 17, -62, 65, 3
Clsn2: 1
  Clsn2[0] = -5, -134, 89, -61
901,209, -120,0, 1
Clsn1: 2
  Clsn1[0] = 36, -99, 97, -83
  Clsn1[1] = 17, -62, 65, 3
Clsn2: 1
  Clsn2[0] = -5, -134, 89, -61
901,210, -120,0, 1
Clsn1: 2
  Clsn1[0] = 36, -99, 97, -83
  Clsn1[1] = 17, -62, 65, 3
Clsn2: 1
  Clsn2[0] = -5, -134, 89, -61
901,211, -120,0, 1
Clsn1: 2
  Clsn1[0] = 36, -99, 97, -83
  Clsn1[1] = 17, -62, 65, 3
Clsn2: 1
  Clsn2[0] = -5, -134, 89, -61
901,212, -120,0, 1
Clsn1: 2
  Clsn1[0] = 34, -97, 95, -81
  Clsn1[1] = 17, -62, 65, 3
Clsn2: 1
  Clsn2[0] = -5, -134, 89, -61
901,213, -120,0, 1
Clsn1: 2
  Clsn1[0] = 34, -97, 95, -81
  Clsn1[1] = 17, -62, 65, 3
Clsn2: 1
  Clsn2[0] = -5, -134, 89, -61
901,214, -120,0, 1
Clsn1: 2
  Clsn1[0] = 17, -62, 65, 3
  Clsn1[1] = 34, -97, 95, -81
Clsn2: 1
  Clsn2[0] = -5, -134, 89, -61
901,215, -120,0, 1
Clsn1: 2
  Clsn1[0] = 17, -62, 65, 3
  Clsn1[1] = 34, -97, 95, -81
Clsn2: 1
  Clsn2[0] = -5, -134, 89, -61
901,216, -120,0, 1
Clsn1: 2
  Clsn1[0] = 17, -62, 65, 3
  Clsn1[1] = 34, -97, 95, -81
Clsn2: 1
  Clsn2[0] = -5, -134, 89, -61
901,217, -120,0, 1
Clsn1: 2
  Clsn1[0] = 17, -62, 65, 3
  Clsn1[1] = 34, -97, 95, -81
Clsn2: 1
  Clsn2[0] = -5, -134, 89, -61
901,218, -120,0, 1
Clsn1: 2
  Clsn1[0] = 17, -62, 65, 3
  Clsn1[1] = 34, -97, 95, -81
Clsn2: 1
  Clsn2[0] = -5, -134, 89, -61
901,219, -120,0, 1
Clsn1: 3
  Clsn1[0] = -12, -127, 23, -79
  Clsn1[1] = 34, -97, 95, -81
  Clsn1[2] = 17, -62, 65, 3
Clsn2: 1
  Clsn2[0] = -5, -134, 89, -61
901,220, -120,0, 40


;Walk Back
[Begin Action 993]
Clsn1: 3
  Clsn1[0] = -18, -129, 15, -79
  Clsn1[1] = 17, -62, 65, 3
  Clsn1[2] = 34, -97, 95, -81
Clsn2: 1
  Clsn2[0] = -5, -130, 89, -61
901,219, -120,0, 2
Clsn1: 3
  Clsn1[0] = -14, -130, 12, -80
  Clsn1[1] = 17, -62, 65, 3
  Clsn1[2] = 34, -97, 95, -81
Clsn2: 1
  Clsn2[0] = -5, -131, 89, -61
901,218, -120,0, 2
Clsn1: 3
  Clsn1[0] = -15, -130, 5, -81
  Clsn1[1] = 34, -97, 95, -81
  Clsn1[2] = 17, -62, 65, 3
Clsn2: 1
  Clsn2[0] = -5, -134, 89, -61
901,217, -120,0, 2
Clsn1: 3
  Clsn1[0] = -13, -131, 9, -81
  Clsn1[1] = 34, -97, 95, -81
  Clsn1[2] = 17, -62, 65, 3
Clsn2: 1
  Clsn2[0] = -5, -134, 89, -61
901,216, -120,0, 2
Clsn1: 3
  Clsn1[0] = -14, -131, 11, -82
  Clsn1[1] = 17, -62, 65, 3
  Clsn1[2] = 34, -97, 95, -81
Clsn2: 1
  Clsn2[0] = -5, -134, 89, -61
901,215, -120,0, 2
Clsn1: 3
  Clsn1[0] = -14, -134, 13, -82
  Clsn1[1] = 17, -62, 65, 3
  Clsn1[2] = 34, -97, 95, -81
Clsn2: 1
  Clsn2[0] = -5, -134, 89, -61
901,214, -120,0, 2
Clsn1: 3
  Clsn1[0] = -15, -134, 14, -82
  Clsn1[1] = 17, -62, 65, 3
  Clsn1[2] = 34, -97, 95, -81
Clsn2: 1
  Clsn2[0] = -5, -134, 89, -61
901,213, -120,0, 2
Clsn1: 3
  Clsn1[0] = -12, -134, 19, -83
  Clsn1[1] = 17, -62, 65, 3
  Clsn1[2] = 34, -97, 95, -81
Clsn2: 1
  Clsn2[0] = -5, -134, 89, -61
901,212, -120,0, 2
Clsn1: 3
  Clsn1[0] = -17, -134, 12, -84
  Clsn1[1] = 33, -100, 94, -84
  Clsn1[2] = 17, -62, 65, 3
Clsn2: 1
  Clsn2[0] = -5, -134, 89, -61
901,211, -120,0, 2
Clsn1: 3
  Clsn1[0] = -16, -134, 9, -85
  Clsn1[1] = 33, -100, 94, -84
  Clsn1[2] = 17, -62, 65, 3
Clsn2: 1
  Clsn2[0] = -5, -134, 89, -61
901,210, -120,0, 2
Clsn1: 3
  Clsn1[0] = -18, -134, 10, -86
  Clsn1[1] = 33, -100, 94, -84
  Clsn1[2] = 17, -62, 65, 3
Clsn2: 1
  Clsn2[0] = -5, -134, 89, -61
901,209, -120,0, 2
Clsn1: 3
  Clsn1[0] = -16, -134, 10, -86
  Clsn1[1] = 17, -62, 65, 3
  Clsn1[2] = 33, -100, 94, -84
Clsn2: 1
  Clsn2[0] = -5, -134, 89, -61
901,208, -120,0, 2
Clsn1: 3
  Clsn1[0] = -16, -134, 14, -85
  Clsn1[1] = 36, -101, 97, -85
  Clsn1[2] = 17, -62, 65, 3
Clsn2: 1
  Clsn2[0] = -5, -134, 89, -61
901,207, -120,0, 2
Clsn1: 3
  Clsn1[0] = -16, -135, 9, -87
  Clsn1[1] = 36, -103, 97, -87
  Clsn1[2] = 17, -62, 65, 3
Clsn2: 1
  Clsn2[0] = -5, -134, 89, -61
901,206, -120,0, 2
Clsn1: 3
  Clsn1[0] = -17, -136, 10, -87
  Clsn1[1] = 17, -62, 65, 3
  Clsn1[2] = 39, -102, 100, -86
Clsn2: 1
  Clsn2[0] = -5, -134, 89, -61
901,205, -120,0, 2
Clsn1: 3
  Clsn1[0] = -16, -136, 12, -88
  Clsn1[1] = 39, -102, 100, -86
  Clsn1[2] = 17, -62, 65, 3
Clsn2: 1
  Clsn2[0] = -5, -134, 89, -61
901,204, -120,0, 2
Clsn1: 3
  Clsn1[0] = -16, -137, 18, -87
  Clsn1[1] = 39, -102, 100, -86
  Clsn1[2] = 17, -62, 65, 3
Clsn2: 1
  Clsn2[0] = -5, -137, 89, -61
901,203, -120,0, 2
Clsn1: 3
  Clsn1[0] = 39, -102, 100, -86
  Clsn1[1] = 17, -62, 65, 3
  Clsn1[2] = -19, -137, 15, -86
Clsn2: 1
  Clsn2[0] = -5, -137, 89, -61
901,202, -120,0, 2
Clsn1: 3
  Clsn1[0] = -17, -138, 14, -88
  Clsn1[1] = 35, -105, 96, -89
  Clsn1[2] = 17, -62, 65, 3
Clsn2: 1
  Clsn2[0] = -8, -138, 86, -61
901,201, -120,0, 2
Clsn1: 3
  Clsn1[0] = -18, -140, 13, -90
  Clsn1[1] = 35, -105, 96, -89
  Clsn1[2] = 17, -62, 65, 3
Clsn2: 1
  Clsn2[0] = -8, -138, 86, -61
901,200, -120,0, 2
Clsn1: 3
  Clsn1[0] = -19, -139, 16, -90
  Clsn1[1] = 35, -105, 96, -89
  Clsn1[2] = 17, -62, 65, 3
Clsn2: 1
  Clsn2[0] = -8, -138, 86, -61
901,199, -120,0, 2
Clsn1: 3
  Clsn1[0] = -23, -140, 12, -90
  Clsn1[1] = 17, -62, 65, 3
  Clsn1[2] = 35, -105, 96, -89
Clsn2: 1
  Clsn2[0] = -8, -139, 86, -61
901,198, -120,0, 2
Clsn1: 3
  Clsn1[0] = -23, -138, 12, -91
  Clsn1[1] = 17, -62, 65, 3
  Clsn1[2] = 29, -105, 90, -89
Clsn2: 1
  Clsn2[0] = -8, -138, 86, -61
901,197, -120,0, 2
Clsn1: 3
  Clsn1[0] = -24, -139, 11, -90
  Clsn1[1] = 17, -62, 65, 3
  Clsn1[2] = 29, -105, 90, -89
Clsn2: 1
  Clsn2[0] = -8, -139, 86, -61
901,196, -120,0, 2
Clsn1: 3
  Clsn1[0] = -25, -139, 10, -89
  Clsn1[1] = 17, -62, 65, 3
  Clsn1[2] = 29, -105, 90, -89
Clsn2: 1
  Clsn2[0] = -10, -138, 86, -61
901,195, -120,0, 2
Clsn1: 3
  Clsn1[0] = -29, -138, 6, -90
  Clsn1[1] = 17, -62, 65, 3
  Clsn1[2] = 23, -105, 84, -89
Clsn2: 1
  Clsn2[0] = -8, -138, 86, -61
901,194, -120,0, 2
Clsn1: 3
  Clsn1[0] = -28, -138, 7, -89
  Clsn1[1] = 14, -64, 62, 1
  Clsn1[2] = 23, -105, 84, -89
Clsn2: 1
  Clsn2[0] = -10, -138, 84, -63
901,193, -120,0, 2
Clsn1: 3
  Clsn1[0] = -28, -138, 7, -90
  Clsn1[1] = 17, -62, 65, 3
  Clsn1[2] = 23, -105, 84, -89
Clsn2: 1
  Clsn2[0] = -14, -138, 80, -64
901,192, -120,0, 2
Clsn1: 3
  Clsn1[0] = -31, -138, 4, -90
  Clsn1[1] = 17, -66, 65, 3
  Clsn1[2] = 23, -105, 84, -89
Clsn2: 1
  Clsn2[0] = -15, -138, 79, -65
901,191, -120,0, 2
Clsn1: 3
  Clsn1[0] = -28, -137, 7, -90
  Clsn1[1] = 22, -103, 83, -87
  Clsn1[2] = 17, -62, 65, 3
Clsn2: 1
  Clsn2[0] = -15, -137, 79, -63
901,190, -120,0, 2
Clsn1: 3
  Clsn1[0] = -32, -137, 3, -88
  Clsn1[1] = 17, -104, 78, -88
  Clsn1[2] = 3, -69, 51, 1
Clsn2: 1
  Clsn2[0] = -18, -137, 76, -68
901,189, -120,0, 2
Clsn1: 3
  Clsn1[0] = -35, -137, 0, -88
  Clsn1[1] = 17, -104, 78, -88
  Clsn1[2] = 3, -69, 51, 1
Clsn2: 1
  Clsn2[0] = -18, -137, 76, -68
901,188, -120,0, 2
Clsn1: 3
  Clsn1[0] = -36, -138, -1, -89
  Clsn1[1] = 17, -104, 78, -88
  Clsn1[2] = 3, -69, 51, 1
Clsn2: 1
  Clsn2[0] = -18, -138, 76, -68
901,187, -120,0, 2
Clsn1: 3
  Clsn1[0] = -36, -137, -1, -88
  Clsn1[1] = 17, -104, 78, -88
  Clsn1[2] = 3, -69, 51, 1
Clsn2: 1
  Clsn2[0] = -18, -137, 76, -68
901,186, -120,0, 2
Clsn1: 3
  Clsn1[0] = -35, -136, 0, -88
  Clsn1[1] = 17, -104, 78, -88
  Clsn1[2] = 3, -69, 51, 1
Clsn2: 1
  Clsn2[0] = -20, -135, 76, -68
901,185, -120,0, 2
Clsn1: 3
  Clsn1[0] = -39, -136, -4, -88
  Clsn1[1] = 3, -69, 51, 1
  Clsn1[2] = 13, -102, 74, -86
Clsn2: 1
  Clsn2[0] = -22, -137, 76, -68
901,184, -120,0, 2
Clsn1: 3
  Clsn1[0] = -38, -135, -3, -87
  Clsn1[1] = 3, -67, 51, 1
  Clsn1[2] = 13, -102, 74, -86
Clsn2: 1
  Clsn2[0] = -24, -135, 70, -65
901,183, -120,0, 2
Clsn1: 3
  Clsn1[0] = -43, -136, -8, -87
  Clsn1[1] = 3, -64, 51, 1
  Clsn1[2] = 13, -102, 74, -86
Clsn2: 1
  Clsn2[0] = -27, -136, 67, -63
905,1, -120,0, 2
Clsn1: 3
  Clsn1[0] = -43, -136, -8, -87
  Clsn1[1] = 3, -69, 51, 1
  Clsn1[2] = 6, -101, 67, -85
Clsn2: 1
  Clsn2[0] = -29, -136, 66, -68
905,2, -120,0, 2
Clsn1: 3
  Clsn1[0] = -44, -135, -9, -87
  Clsn1[1] = 3, -69, 51, 1
  Clsn1[2] = 6, -101, 67, -85
Clsn2: 1
  Clsn2[0] = -26, -135, 68, -68
905,3, -120,0, 2
Clsn1: 3
  Clsn1[0] = -44, -135, -9, -87
  Clsn1[1] = 3, -69, 51, 1
  Clsn1[2] = 6, -101, 67, -85
Clsn2: 1
  Clsn2[0] = -26, -135, 68, -68
905,4, -120,0, 2
Clsn1: 3
  Clsn1[0] = -40, -135, -5, -87
  Clsn1[1] = 3, -69, 51, 1
  Clsn1[2] = 6, -101, 67, -85
Clsn2: 1
  Clsn2[0] = -26, -137, 68, -68
905,5, -120,0, 2
Clsn1: 3
  Clsn1[0] = -36, -135, -6, -87
  Clsn1[1] = 3, -69, 51, 1
  Clsn1[2] = 6, -101, 67, -85
Clsn2: 1
  Clsn2[0] = -26, -136, 68, -68
905,6, -120,0, 2
Clsn1: 3
  Clsn1[0] = -40, -137, -7, -87
  Clsn1[1] = 3, -69, 51, 1
  Clsn1[2] = 6, -101, 67, -85
Clsn2: 1
  Clsn2[0] = -26, -137, 68, -68
905,7, -120,0, 2
Clsn1: 3
  Clsn1[0] = -44, -135, -9, -86
  Clsn1[1] = 3, -69, 51, 1
  Clsn1[2] = 6, -101, 67, -85
Clsn2: 1
  Clsn2[0] = -26, -141, 68, -68
905,8, -120,0, 2
Clsn1: 3
  Clsn1[0] = -39, -136, -4, -87
  Clsn1[1] = 3, -69, 51, 1
  Clsn1[2] = 6, -101, 67, -85
Clsn2: 1
  Clsn2[0] = -26, -135, 68, -68
905,9, -120,0, 2
Clsn1: 3
  Clsn1[0] = -42, -136, -7, -87
  Clsn1[1] = 3, -69, 51, 1
  Clsn1[2] = 6, -101, 67, -85
Clsn2: 1
  Clsn2[0] = -26, -137, 68, -68
905,10, -120,0, 2
Clsn1: 3
  Clsn1[0] = -43, -135, -8, -86
  Clsn1[1] = 3, -69, 51, 1
  Clsn1[2] = 6, -101, 67, -85
Clsn2: 1
  Clsn2[0] = -26, -135, 68, -68
905,11, -120,0, 2
Clsn1: 3
  Clsn1[0] = -42, -135, -7, -87
  Clsn1[1] = 3, -69, 51, 1
  Clsn1[2] = 6, -101, 67, -85
Clsn2: 1
  Clsn2[0] = -26, -136, 68, -68
905,12, -120,0, 2
Clsn1: 3
  Clsn1[0] = -43, -136, -8, -87
  Clsn1[1] = 3, -69, 51, 1
  Clsn1[2] = 6, -101, 67, -85
Clsn2: 1
  Clsn2[0] = -26, -138, 68, -68
905,13, -120,0, 2
Clsn1: 3
  Clsn1[0] = -42, -136, -7, -87
  Clsn1[1] = 3, -69, 51, 1
  Clsn1[2] = 6, -101, 67, -85
Clsn2: 1
  Clsn2[0] = -26, -136, 68, -68
905,14, -120,0, 2
Clsn1: 3
  Clsn1[0] = -39, -135, -4, -87
  Clsn1[1] = 3, -69, 51, 1
  Clsn1[2] = 6, -101, 67, -85
Clsn2: 1
  Clsn2[0] = -26, -135, 68, -68
905,15, -120,0, 2
Clsn1: 3
  Clsn1[0] = -39, -135, -4, -88
  Clsn1[1] = 3, -69, 51, 1
  Clsn1[2] = 0, -100, 61, -84
Clsn2: 1
  Clsn2[0] = -28, -134, 66, -68
905,16, -120,0, 2
Clsn1: 3
  Clsn1[0] = -44, -136, -9, -86
  Clsn1[1] = 3, -69, 51, 1
  Clsn1[2] = 0, -100, 61, -84
Clsn2: 1
  Clsn2[0] = -28, -136, 66, -68
905,17, -120,0, 2
Clsn1: 3
  Clsn1[0] = -44, -135, -9, -87
  Clsn1[1] = 3, -69, 51, 1
  Clsn1[2] = 0, -100, 61, -84
Clsn2: 1
  Clsn2[0] = -28, -141, 66, -68
905,18, -120,0, 2
Clsn1: 3
  Clsn1[0] = -43, -135, -8, -86
  Clsn1[1] = 3, -69, 51, 1
  Clsn1[2] = 0, -100, 61, -84
Clsn2: 1
  Clsn2[0] = -28, -141, 66, -68
905,19, -120,0, 2
Clsn1: 3
  Clsn1[0] = -39, -135, -4, -87
  Clsn1[1] = 3, -69, 51, 1
  Clsn1[2] = 0, -100, 61, -84
Clsn2: 1
  Clsn2[0] = -28, -141, 66, -68
905,20, -120,0, 2
Clsn1: 3
  Clsn1[0] = -40, -135, -5, -86
  Clsn1[1] = 3, -69, 51, 1
  Clsn1[2] = 0, -100, 61, -84
Clsn2: 1
  Clsn2[0] = -28, -141, 66, -68
905,21, -120,0, 2
Clsn1: 3
  Clsn1[0] = -42, -135, -7, -86
  Clsn1[1] = 3, -69, 51, 1
  Clsn1[2] = 0, -100, 61, -84
Clsn2: 1
  Clsn2[0] = -28, -141, 66, -68
905,22, -120,0, 2
Clsn1: 3
  Clsn1[0] = -42, -134, -7, -84
  Clsn1[1] = 3, -69, 51, 1
  Clsn1[2] = 0, -97, 61, -81
Clsn2: 1
  Clsn2[0] = -28, -140, 66, -67
905,23, -120,0, 2
Clsn1: 3
  Clsn1[0] = -42, -133, -7, -84
  Clsn1[1] = 3, -69, 51, 1
  Clsn1[2] = 0, -97, 61, -81
Clsn2: 1
  Clsn2[0] = -28, -140, 66, -67
905,24, -120,0, 2
Clsn1: 3
  Clsn1[0] = -41, -134, -6, -84
  Clsn1[1] = 3, -69, 51, 1
  Clsn1[2] = 0, -97, 61, -81
Clsn2: 1
  Clsn2[0] = -28, -140, 66, -67
905,25, -120,0, 2
Clsn1: 3
  Clsn1[0] = -40, -131, -5, -83
  Clsn1[1] = 3, -69, 51, 1
  Clsn1[2] = 0, -97, 61, -81
Clsn2: 1
  Clsn2[0] = -28, -140, 66, -67
905,26, -120,0, 2
Clsn1: 3
  Clsn1[0] = -41, -132, -6, -83
  Clsn1[1] = 3, -69, 51, 1
  Clsn1[2] = 0, -97, 61, -81
Clsn2: 1
  Clsn2[0] = -28, -140, 66, -67
905,27, -120,0, 2
Clsn1: 3
  Clsn1[0] = -42, -132, -7, -83
  Clsn1[1] = 3, -69, 51, 1
  Clsn1[2] = 0, -97, 61, -81
Clsn2: 1
  Clsn2[0] = -28, -140, 66, -67
905,28, -120,0, 2
Clsn1: 3
  Clsn1[0] = -44, -131, -9, -82
  Clsn1[1] = 3, -69, 51, 1
  Clsn1[2] = 0, -94, 61, -78
Clsn2: 1
  Clsn2[0] = -29, -141, 65, -68
905,29, -120,0, 2
Clsn1: 3
  Clsn1[0] = -40, -130, -5, -82
  Clsn1[1] = 0, -97, 61, -81
  Clsn1[2] = 3, -69, 51, 1
Clsn2: 1
  Clsn2[0] = -27, -135, 67, -62
905,30, -120,0, 2
Clsn1: 3
  Clsn1[0] = -43, -131, -8, -80
  Clsn1[1] = -5, -60, 43, 1
  Clsn1[2] = 1, -93, 62, -77
Clsn2: 1
  Clsn2[0] = -29, -132, 65, -59
905,31, -120,0, 2
Clsn1: 3
  Clsn1[0] = -42, -130, -7, -80
  Clsn1[1] = -4, -58, 44, 2
  Clsn1[2] = 0, -92, 61, -76
Clsn2: 1
  Clsn2[0] = -28, -130, 66, -57
905,32, -120,0, 2
Clsn1: 3
  Clsn1[0] = -42, -130, -7, -80
  Clsn1[1] = -6, -58, 42, 2
  Clsn1[2] = 0, -92, 61, -76
Clsn2: 1
  Clsn2[0] = -29, -130, 65, -57
905,33, -120,0, 2
Clsn1: 3
  Clsn1[0] = -41, -127, -6, -79
  Clsn1[1] = -8, -57, 40, 2
  Clsn1[2] = 0, -92, 61, -76
Clsn2: 1
  Clsn2[0] = -29, -127, 65, -57
905,34, -120,0, 1


;Walk Back End
[Begin Action 994]
Clsn1: 3
  Clsn1[0] = -26, -62, 12, 0
  Clsn1[1] = -66, -128, -31, -79
  Clsn1[2] = -28, -91, 37, -74
Clsn2: 1
  Clsn2[0] = -53, -130, 41, -60
905,34, -144,0, 1


;Jump Up
[Begin Action 995]
Clsn1Default: 3
  Clsn1[0] = -71, -127, -47, -57
  Clsn1[1] = -25, -58, 10, 1
  Clsn1[2] = -23, -89, 36, -75
Clsn2Default: 1
  Clsn2[0] = -49, -126, 42, -58
950,0, 0,0, 2
950,1, 0,0, 2
950,2, 0,0, 2
950,3, 0,0, 2
950,4, 0,0, 2
950,5, 0,0, 2
950,6, 0,0, 2
950,7, 0,0, 2
950,8, 0,0, 2
950,9, 0,0, 2
950,10, 0,0, 2
950,11, 0,0, 2
950,12, 0,0, 2
950,13, 0,0, 2
950,14, 0,0, 2
950,15, 0,0, 2
950,16, 0,0, 2
950,17, 0,0, 2
950,18, 0,0, 2
950,19, 0,0, 2
950,20, 0,0, 2
950,21, 0,0, 2
950,22, 0,0, 2
950,23, 0,0, 2
950,24, 0,0, 2
950,25, 0,0, 2


;Jumping to do smash
[Begin Action 231]
Clsn1: 3
  Clsn1[0] = -67, -129, -36, -58
  Clsn1[1] = -13, -91, 34, -72
  Clsn1[2] = -24, -58, 11, 0
Clsn2: 1
  Clsn2[0] = -51, -129, 41, -58
0,0, 0,0, 10


;Hit Ground
[Begin Action 233]
Clsn1: 2
  Clsn1[0] = -24, -59, 14, 1
  Clsn1[1] = -19, -91, 37, -75
Clsn2: 1
  Clsn2[0] = -47, -127, 42, -59
960,0, 0,0, 2
Clsn1: 2
  Clsn1[0] = -19, -91, 37, -75
  Clsn1[1] = -24, -60, 5, 0
Clsn2: 1
  Clsn2[0] = -46, -125, 42, -59
960,1, 0,0, 2
Clsn1: 2
  Clsn1[0] = -19, -91, 37, -75
  Clsn1[1] = -24, -60, 5, 0
Clsn2: 1
  Clsn2[0] = -46, -125, 42, -59
960,2, 0,0, 2
Clsn1: 2
  Clsn1[0] = -24, -60, 5, 0
  Clsn1[1] = -19, -91, 37, -75
Clsn2: 1
  Clsn2[0] = -41, -125, 47, -59
960,3, 0,0, 2
Clsn1: 2
  Clsn1[0] = -40, -88, 16, -72
  Clsn1[1] = -24, -60, 5, 0
Clsn2: 1
  Clsn2[0] = -39, -121, 50, -55
960,4, 0,0, 2
Clsn1: 2
  Clsn1[0] = -40, -88, 16, -72
  Clsn1[1] = -24, -60, 5, 0
Clsn2: 1
  Clsn2[0] = -39, -121, 50, -55
960,5, 0,0, 2
Clsn1: 2
  Clsn1[0] = -20, -88, 36, -72
  Clsn1[1] = -24, -60, 5, 0
Clsn2: 1
  Clsn2[0] = -37, -123, 52, -57
960,6, 0,0, 2
Clsn1: 2
  Clsn1[0] = -7, -87, 49, -71
  Clsn1[1] = -24, -60, 5, 0
Clsn2: 1
  Clsn2[0] = -36, -123, 53, -57
960,7, 0,0, 2
Clsn1: 2
  Clsn1[0] = -1, -84, 55, -68
  Clsn1[1] = -24, -60, 5, 0
Clsn2: 1
  Clsn2[0] = -32, -125, 57, -59
960,8, 0,0, 2
Clsn1: 2
  Clsn1[0] = -1, -84, 55, -68
  Clsn1[1] = -24, -60, 5, 0
Clsn2: 1
  Clsn2[0] = -32, -125, 57, -59
960,9, 0,0, 2
Clsn1: 2
  Clsn1[0] = -24, -55, 5, 0
  Clsn1[1] = 2, -83, 58, -67
Clsn2: 1
  Clsn2[0] = -31, -120, 58, -54
960,10, 0,0, 2
Clsn1: 2
  Clsn1[0] = 2, -83, 58, -67
  Clsn1[1] = -24, -55, 5, 0
Clsn2: 1
  Clsn2[0] = -31, -120, 59, -54
960,11, 0,0, 2
Clsn1: 2
  Clsn1[0] = -24, -52, 5, 0
  Clsn1[1] = 2, -78, 58, -62
Clsn2: 1
  Clsn2[0] = -31, -117, 62, -51
960,12, 0,0, 2
Clsn1: 2
  Clsn1[0] = -24, -52, 5, 0
  Clsn1[1] = 2, -78, 58, -62
Clsn2: 1
  Clsn2[0] = -31, -117, 62, -51
960,13, 0,0, 2
Clsn1: 2
  Clsn1[0] = -21, -48, 8, 1
  Clsn1[1] = 2, -78, 58, -62
Clsn2: 1
  Clsn2[0] = -28, -114, 65, -48
960,14, 0,0, 2
Clsn1: 2
  Clsn1[0] = -17, -47, 12, 2
  Clsn1[1] = 2, -78, 58, -62
Clsn2: 1
  Clsn2[0] = -25, -112, 68, -46
960,15, 0,0, 2
Clsn1: 2
  Clsn1[0] = -17, -47, 12, 2
  Clsn1[1] = 2, -78, 58, -62
Clsn2: 1
  Clsn2[0] = -25, -112, 68, -46
960,16, 0,0, 2
Clsn1: 2
  Clsn1[0] = 2, -74, 58, -58
  Clsn1[1] = -17, -47, 12, 2
Clsn2: 1
  Clsn2[0] = -26, -111, 67, -45
960,17, 0,0, 2
Clsn1: 2
  Clsn1[0] = 2, -74, 58, -58
  Clsn1[1] = -17, -47, 12, 2
Clsn2: 1
  Clsn2[0] = -26, -111, 67, -45
960,18, 0,0, 2
Clsn1: 2
  Clsn1[0] = 10, -70, 66, -54
  Clsn1[1] = -17, -47, 12, 2
Clsn2: 1
  Clsn2[0] = -25, -111, 68, -45
960,19, 0,0, 2
Clsn1: 2
  Clsn1[0] = -17, -47, 12, 2
  Clsn1[1] = 10, -70, 66, -54
Clsn2: 1
  Clsn2[0] = -24, -104, 69, -38
960,20, 0,0, 2
Clsn1: 2
  Clsn1[0] = -17, -47, 12, 2
  Clsn1[1] = 10, -70, 66, -54
Clsn2: 1
  Clsn2[0] = -24, -104, 69, -38
960,21, 0,0, 2
Clsn1: 2
  Clsn1[0] = 10, -67, 66, -51
  Clsn1[1] = -17, -47, 12, 2
Clsn2: 1
  Clsn2[0] = -24, -101, 69, -35
960,22, 0,0, 2
Clsn1: 2
  Clsn1[0] = -17, -36, 12, 2
  Clsn1[1] = 10, -67, 66, -51
Clsn2: 1
  Clsn2[0] = -22, -101, 71, -35
960,23, 0,0, 2
Clsn1: 2
  Clsn1[0] = -17, -36, 12, 2
  Clsn1[1] = 10, -67, 66, -51
Clsn2: 1
  Clsn2[0] = -22, -101, 71, -35
961,3, 0,0, 2
Clsn1: 2
  Clsn1[0] = -17, -36, 12, 2
  Clsn1[1] = 10, -67, 66, -51
Clsn2: 1
  Clsn2[0] = -22, -101, 71, -35
961,2, 0,0, 2
Clsn1: 2
  Clsn1[0] = -17, -36, 12, 2
  Clsn1[1] = 10, -67, 66, -51
Clsn2: 1
  Clsn2[0] = -22, -101, 71, -35
961,1, 0,0, 2
Clsn1: 2
  Clsn1[0] = -22, -32, 7, 2
  Clsn1[1] = 10, -62, 66, -46
Clsn2: 1
  Clsn2[0] = -22, -97, 71, -31
961,0, 0,0, 2
Clsn1: 2
  Clsn1[0] = -22, -32, 7, 2
  Clsn1[1] = 10, -62, 66, -46
Clsn2: 1
  Clsn2[0] = -22, -97, 71, -31
960,24, 0,0, 2
Clsn1: 2
  Clsn1[0] = 10, -62, 66, -46
  Clsn1[1] = -22, -32, 7, 2
Clsn2: 1
  Clsn2[0] = -19, -97, 74, -31
960,25, 0,0, 2
Clsn1: 2
  Clsn1[0] = -22, -32, 7, 2
  Clsn1[1] = 10, -62, 66, -46
Clsn2: 1
  Clsn2[0] = -19, -97, 74, -31
960,24, 0,0, 2
Clsn1: 2
  Clsn1[0] = -22, -34, 7, 2
  Clsn1[1] = 10, -62, 66, -46
Clsn2: 1
  Clsn2[0] = -22, -100, 71, -34
960,23, 0,0, 2
Clsn1: 2
  Clsn1[0] = -22, -34, 7, 2
  Clsn1[1] = 10, -62, 66, -46
Clsn2: 1
  Clsn2[0] = -22, -100, 71, -34
960,22, 0,0, 2
Clsn1: 2
  Clsn1[0] = -22, -34, 7, 2
  Clsn1[1] = 10, -62, 66, -46
Clsn2: 1
  Clsn2[0] = -22, -100, 71, -34
960,21, 0,0, 2
Clsn1: 2
  Clsn1[0] = -22, -34, 7, 2
  Clsn1[1] = 10, -62, 66, -46
Clsn2: 1
  Clsn2[0] = -22, -100, 71, -34
960,20, 0,0, 2
Clsn1: 2
  Clsn1[0] = -22, -42, 7, 2
  Clsn1[1] = 3, -70, 59, -54
Clsn2: 1
  Clsn2[0] = -25, -104, 68, -38
960,19, 0,0, 2
Clsn1: 2
  Clsn1[0] = -22, -42, 7, 2
  Clsn1[1] = 3, -70, 59, -54
Clsn2: 1
  Clsn2[0] = -25, -104, 68, -38
960,18, 0,0, 2
Clsn1: 2
  Clsn1[0] = -22, -42, 7, 2
  Clsn1[1] = 3, -70, 59, -54
Clsn2: 1
  Clsn2[0] = -25, -104, 68, -38
960,17, 0,0, 2
Clsn1: 2
  Clsn1[0] = 3, -75, 59, -59
  Clsn1[1] = -22, -42, 7, 2
Clsn2: 1
  Clsn2[0] = -25, -109, 68, -43
960,16, 0,0, 2
Clsn1: 2
  Clsn1[0] = 3, -75, 59, -59
  Clsn1[1] = -22, -42, 7, 2
Clsn2: 1
  Clsn2[0] = -25, -109, 68, -43
960,15, 0,0, 2
Clsn1: 2
  Clsn1[0] = -22, -45, 7, 2
  Clsn1[1] = 3, -75, 59, -59
Clsn2: 1
  Clsn2[0] = -27, -110, 66, -44
960,14, 0,0, 2
Clsn1: 2
  Clsn1[0] = -22, -46, 7, 3
  Clsn1[1] = 3, -75, 59, -59
Clsn2: 1
  Clsn2[0] = -29, -111, 64, -45
960,13, 0,0, 2
Clsn1: 2
  Clsn1[0] = -22, -46, 7, 3
  Clsn1[1] = 3, -75, 59, -59
Clsn2: 1
  Clsn2[0] = -29, -111, 64, -45
960,12, 0,0, 2
Clsn1: 2
  Clsn1[0] = -22, -51, 7, 3
  Clsn1[1] = 3, -75, 59, -59
Clsn2: 1
  Clsn2[0] = -31, -117, 62, -51
960,11, 0,0, 2
Clsn1: 2
  Clsn1[0] = 0, -82, 56, -66
  Clsn1[1] = -22, -51, 7, 3
Clsn2: 1
  Clsn2[0] = -34, -115, 59, -49
960,10, 0,0, 2
Clsn1: 2
  Clsn1[0] = 0, -82, 56, -66
  Clsn1[1] = -22, -51, 7, 3
Clsn2: 1
  Clsn2[0] = -34, -115, 59, -49
960,9, 0,0, 2
Clsn1: 2
  Clsn1[0] = 0, -82, 56, -66
  Clsn1[1] = -22, -51, 7, 3
Clsn2: 1
  Clsn2[0] = -34, -115, 59, -49
960,8, 0,0, 2
Clsn1: 2
  Clsn1[0] = 0, -82, 56, -66
  Clsn1[1] = -22, -51, 7, 3
Clsn2: 1
  Clsn2[0] = -34, -115, 59, -49
960,7, 0,0, 2
Clsn1: 2
  Clsn1[0] = -5, -87, 51, -71
  Clsn1[1] = -22, -51, 7, 3
Clsn2: 1
  Clsn2[0] = -39, -116, 54, -50
960,6, 0,0, 2
Clsn1: 2
  Clsn1[0] = -22, -51, 7, 3
  Clsn1[1] = -5, -87, 51, -71
Clsn2: 1
  Clsn2[0] = -41, -116, 52, -50
960,5, 0,0, 2
Clsn1: 2
  Clsn1[0] = -24, -54, 5, 0
  Clsn1[1] = -15, -86, 41, -70
Clsn2: 1
  Clsn2[0] = -43, -119, 50, -53
960,4, 0,0, 2
Clsn1: 2
  Clsn1[0] = -24, -59, 5, 1
  Clsn1[1] = -15, -86, 41, -70
Clsn2: 1
  Clsn2[0] = -45, -125, 48, -59
960,3, 0,0, 2
Clsn1: 2
  Clsn1[0] = -15, -89, 41, -73
  Clsn1[1] = -24, -59, 5, 1
Clsn2: 1
  Clsn2[0] = -47, -125, 46, -59
960,2, 0,0, 2
Clsn1: 2
  Clsn1[0] = -24, -60, 5, 1
  Clsn1[1] = -15, -89, 41, -73
Clsn2: 1
  Clsn2[0] = -50, -126, 43, -60
960,1, 0,0, 2
Clsn1: 2
  Clsn1[0] = -15, -89, 41, -73
  Clsn1[1] = -24, -60, 5, 1
Clsn2: 1
  Clsn2[0] = -51, -126, 42, -60
960,0, 0,0, 2


;Shoot Hands
[Begin Action 234]
Clsn1: 2
  Clsn1[0] = -32, -62, 9, 1
  Clsn1[1] = -33, -94, 28, -72
Clsn2: 1
  Clsn2[0] = -52, -125, 40, -54
960,0, 0,0, 1
Clsn1: 2
  Clsn1[0] = -32, -62, 9, 1
  Clsn1[1] = -33, -94, 28, -72
Clsn2: 1
  Clsn2[0] = -52, -125, 40, -54
960,1, 0,0, 1
Clsn1: 2
  Clsn1[0] = -32, -62, 9, 1
  Clsn1[1] = -30, -92, 31, -70
Clsn2: 1
  Clsn2[0] = -46, -126, 46, -55
960,2, 0,0, 1
Clsn1: 2
  Clsn1[0] = -32, -62, 9, 1
  Clsn1[1] = -30, -92, 31, -70
Clsn2: 1
  Clsn2[0] = -46, -126, 46, -55
960,3, 0,0, 1
Clsn1: 2
  Clsn1[0] = -30, -92, 31, -70
  Clsn1[1] = -32, -62, 9, 1
Clsn2: 1
  Clsn2[0] = -42, -126, 50, -55
960,4, 0,0, 1
Clsn1: 2
  Clsn1[0] = -30, -92, 31, -70
  Clsn1[1] = -32, -62, 9, 1
Clsn2: 1
  Clsn2[0] = -42, -126, 50, -55
960,5, 0,0, 1
Clsn1: 2
  Clsn1[0] = -22, -55, 19, 1
  Clsn1[1] = -30, -92, 31, -70
Clsn2: 1
  Clsn2[0] = -39, -126, 53, -55
960,6, 0,0, 1
Clsn1: 2
  Clsn1[0] = -17, -90, 44, -68
  Clsn1[1] = -22, -55, 19, 1
Clsn2: 1
  Clsn2[0] = -38, -125, 54, -54
960,7, 0,0, 1
Clsn1: 2
  Clsn1[0] = -7, -88, 54, -66
  Clsn1[1] = -22, -55, 19, 1
Clsn2: 1
  Clsn2[0] = -36, -119, 56, -53
960,8, 0,0, 1
Clsn1: 2
  Clsn1[0] = -22, -55, 19, 1
  Clsn1[1] = -7, -88, 54, -66
Clsn2: 1
  Clsn2[0] = -31, -119, 61, -53
960,9, 0,0, 1
Clsn1: 2
  Clsn1[0] = -7, -88, 54, -66
  Clsn1[1] = -22, -55, 19, 1
Clsn2: 1
  Clsn2[0] = -32, -119, 60, -53
960,10, 0,0, 1
Clsn1: 2
  Clsn1[0] = -7, -88, 54, -66
  Clsn1[1] = -22, -55, 19, 1
Clsn2: 1
  Clsn2[0] = -32, -119, 60, -53
960,11, 0,0, 1
Clsn1: 2
  Clsn1[0] = -22, -55, 19, 1
  Clsn1[1] = -7, -88, 54, -66
Clsn2: 1
  Clsn2[0] = -28, -115, 65, -48
960,12, 0,0, 1
Clsn1: 2
  Clsn1[0] = -22, -55, 19, 1
  Clsn1[1] = -7, -88, 54, -66
Clsn2: 1
  Clsn2[0] = -28, -115, 65, -48
960,13, 0,0, 1
Clsn1: 2
  Clsn1[0] = -22, -55, 19, 1
  Clsn1[1] = -7, -88, 54, -66
Clsn2: 1
  Clsn2[0] = -28, -115, 65, -48
960,14, 0,0, 1
Clsn1: 2
  Clsn1[0] = -9, -79, 52, -57
  Clsn1[1] = -22, -55, 19, 1
Clsn2: 1
  Clsn2[0] = -27, -109, 66, -42
960,15, 0,0, 1
Clsn1: 2
  Clsn1[0] = -22, -42, 19, 1
  Clsn1[1] = -6, -77, 55, -55
Clsn2: 1
  Clsn2[0] = -24, -107, 69, -40
960,16, 0,0, 1
Clsn1: 2
  Clsn1[0] = -22, -42, 19, 1
  Clsn1[1] = -6, -77, 55, -55
Clsn2: 1
  Clsn2[0] = -24, -107, 69, -40
960,17, 0,0, 1
Clsn1: 2
  Clsn1[0] = -22, -42, 19, 1
  Clsn1[1] = -6, -77, 55, -55
Clsn2: 1
  Clsn2[0] = -24, -107, 69, -40
960,18, 0,0, 1
Clsn1: 2
  Clsn1[0] = -22, -42, 19, 1
  Clsn1[1] = -6, -77, 55, -55
Clsn2: 1
  Clsn2[0] = -24, -107, 69, -40
960,19, 0,0, 1
Clsn1: 2
  Clsn1[0] = -22, -42, 19, 1
  Clsn1[1] = -6, -77, 55, -55
Clsn2: 1
  Clsn2[0] = -24, -107, 69, -40
960,20, 0,0, 1
Clsn1: 2
  Clsn1[0] = -6, -72, 55, -50
  Clsn1[1] = -22, -42, 19, 1
Clsn2: 1
  Clsn2[0] = -21, -104, 72, -37
960,21, 0,0, 1
Clsn1: 2
  Clsn1[0] = -20, -35, 21, 0
  Clsn1[1] = 0, -70, 61, -48
Clsn2: 1
  Clsn2[0] = -21, -102, 72, -32
960,22, 0,0, 1
Clsn1: 2
  Clsn1[0] = -20, -35, 21, 0
  Clsn1[1] = 0, -70, 61, -48
Clsn2: 1
  Clsn2[0] = -21, -102, 72, -32
960,23, 0,0, 1
Clsn1: 2
  Clsn1[0] = -20, -35, 21, 0
  Clsn1[1] = 0, -70, 61, -48
Clsn2: 1
  Clsn2[0] = -21, -102, 72, -32
961,3, 0,0, 1
Clsn1: 2
  Clsn1[0] = -20, -35, 21, 0
  Clsn1[1] = 0, -70, 61, -48
Clsn2: 1
  Clsn2[0] = -21, -102, 72, -32
961,2, 0,0, 1
Clsn1: 2
  Clsn1[0] = -20, -35, 21, 0
  Clsn1[1] = 0, -70, 61, -48
Clsn2: 1
  Clsn2[0] = -21, -102, 72, -32
961,1, 0,0, 1
Clsn1: 2
  Clsn1[0] = -20, -35, 21, 0
  Clsn1[1] = 0, -70, 61, -48
Clsn2: 1
  Clsn2[0] = -21, -102, 72, -32
961,0, 0,0, 1
Clsn1: 2
  Clsn1[0] = -20, -35, 21, 0
  Clsn1[1] = 0, -70, 61, -48
Clsn2: 1
  Clsn2[0] = -21, -102, 72, -32
960,24, 0,0, 1
Clsn1: 2
  Clsn1[0] = -29, -35, 12, 0
  Clsn1[1] = 0, -63, 61, -41
Clsn2: 1
  Clsn2[0] = -21, -94, 72, -24
960,25, 0,0, 1
Clsn1: 1
  Clsn1[0] = -29, -35, 12, 0
Clsn2: 1
  Clsn2[0] = -21, -95, 72, -25
970,0, 0,0, 60
Clsn1: 2
  Clsn1[0] = -29, -35, 12, 0
  Clsn1[1] = 0, -63, 61, -41
Clsn2: 1
  Clsn2[0] = -21, -94, 72, -24
Loopstart
970,1, 0,0, 40


;Return
[Begin Action 235]
Clsn1: 1
  Clsn1[0] = -32, -29, 30, 1
Clsn2: 1
  Clsn2[0] = -33, -93, 72, -28
960,25, 0,0, 2
Clsn1: 1
  Clsn1[0] = -32, -29, 30, 1
Clsn2: 1
  Clsn2[0] = -33, -93, 72, -28
960,24, 0,0, 2
Clsn1: 1
  Clsn1[0] = -32, -32, 30, 1
Clsn2: 1
  Clsn2[0] = -34, -102, 71, -32
960,23, 0,0, 2
Clsn1: 1
  Clsn1[0] = -32, -32, 30, 1
Clsn2: 1
  Clsn2[0] = -34, -102, 71, -32
960,22, 0,0, 2
Clsn1: 1
  Clsn1[0] = -32, -32, 30, 1
Clsn2: 1
  Clsn2[0] = -34, -102, 71, -32
960,21, 0,0, 2
Clsn1: 1
  Clsn1[0] = -32, -32, 30, 1
Clsn2: 1
  Clsn2[0] = -34, -102, 71, -32
960,20, 0,0, 2
Clsn1: 1
  Clsn1[0] = -32, -32, 30, 1
Clsn2: 1
  Clsn2[0] = -34, -102, 71, -32
960,19, 0,0, 2
Clsn1: 1
  Clsn1[0] = -32, -39, 30, 1
Clsn2: 1
  Clsn2[0] = -38, -108, 67, -38
960,18, 0,0, 2
Clsn1: 1
  Clsn1[0] = -32, -39, 30, 1
Clsn2: 1
  Clsn2[0] = -38, -108, 67, -38
960,17, 0,0, 2
Clsn1: 1
  Clsn1[0] = -32, -39, 30, 1
Clsn2: 1
  Clsn2[0] = -38, -108, 67, -38
960,16, 0,0, 2
Clsn1: 1
  Clsn1[0] = -32, -39, 30, 1
Clsn2: 1
  Clsn2[0] = -35, -109, 70, -39
960,15, 0,0, 2
Clsn1: 1
  Clsn1[0] = -32, -42, 30, 1
Clsn2: 1
  Clsn2[0] = -38, -112, 67, -42
960,14, 0,0, 2
Clsn1: 1
  Clsn1[0] = -32, -42, 30, 1
Clsn2: 1
  Clsn2[0] = -37, -112, 68, -42
960,13, 0,0, 2
Clsn1: 1
  Clsn1[0] = -32, -42, 30, 1
Clsn2: 1
  Clsn2[0] = -37, -112, 68, -42
960,12, 0,0, 2
Clsn1: 1
  Clsn1[0] = -32, -49, 30, 1
Clsn2: 1
  Clsn2[0] = -39, -118, 66, -48
960,11, 0,0, 2
Clsn1: 1
  Clsn1[0] = -32, -48, 30, 1
Clsn2: 1
  Clsn2[0] = -43, -118, 62, -48
960,10, 0,0, 2
Clsn1: 1
  Clsn1[0] = -32, -48, 30, 1
Clsn2: 1
  Clsn2[0] = -43, -118, 62, -48
960,9, 0,0, 2
Clsn1: 1
  Clsn1[0] = -32, -49, 30, 1
Clsn2: 1
  Clsn2[0] = -44, -118, 61, -48
960,8, 0,0, 2
Clsn1: 1
  Clsn1[0] = -32, -50, 30, 1
Clsn2: 1
  Clsn2[0] = -46, -120, 59, -50
960,7, 0,0, 2
Clsn1: 1
  Clsn1[0] = -32, -50, 30, 1
Clsn2: 1
  Clsn2[0] = -46, -121, 59, -50
960,6, 0,0, 2
Clsn1: 1
  Clsn1[0] = -32, -50, 30, 1
Clsn2: 1
  Clsn2[0] = -46, -124, 59, -50
960,5, 0,0, 2
Clsn1: 1
  Clsn1[0] = -32, -50, 30, 1
Clsn2: 1
  Clsn2[0] = -46, -124, 59, -50
960,4, 0,0, 2
Clsn1: 1
  Clsn1[0] = -32, -50, 30, 1
Clsn2: 1
  Clsn2[0] = -46, -124, 59, -50
960,3, 0,0, 2
Clsn1: 2
  Clsn1[0] = -32, -53, 30, 1
  Clsn1[1] = -17, -90, 42, -74
Clsn2: 1
  Clsn2[0] = -48, -127, 45, -53
960,2, 0,0, 2
Clsn1: 2
  Clsn1[0] = -32, -53, 30, 1
  Clsn1[1] = -17, -90, 42, -74
Clsn2: 1
  Clsn2[0] = -48, -127, 45, -53
960,1, 0,0, 2
Clsn1: 2
  Clsn1[0] = -32, -54, 30, 1
  Clsn1[1] = -17, -90, 42, -74
Clsn2: 1
  Clsn2[0] = -50, -128, 43, -54
960,0, 0,0, 2

;----------------------------------
;Shoot Bombs 2
[Begin Action 246]
Clsn1: 2
  Clsn1[0] = -19, -91, 37, -75
  Clsn1[1] = -24, -60, 5, 0
Clsn2: 1
  Clsn2[0] = -46, -125, 42, -59
960,0, 0,0, 1
Clsn1: 2
  Clsn1[0] = -19, -91, 37, -75
  Clsn1[1] = -24, -60, 5, 0
Clsn2: 1
  Clsn2[0] = -46, -125, 42, -59
960,1, 0,0, 1
Clsn1: 2
  Clsn1[0] = -19, -91, 37, -75
  Clsn1[1] = -24, -60, 5, 0
Clsn2: 1
  Clsn2[0] = -46, -125, 42, -59
960,2, 0,0, 1
Clsn1: 2
  Clsn1[0] = -24, -60, 5, 0
  Clsn1[1] = -19, -91, 37, -75
Clsn2: 1
  Clsn2[0] = -41, -125, 47, -59
960,3, 0,0, 1
Clsn1: 2
  Clsn1[0] = -40, -88, 16, -72
  Clsn1[1] = -24, -60, 5, 0
Clsn2: 1
  Clsn2[0] = -39, -121, 50, -55
960,4, 0,0, 1
Clsn1: 2
  Clsn1[0] = -40, -88, 16, -72
  Clsn1[1] = -24, -60, 5, 0
Clsn2: 1
  Clsn2[0] = -39, -121, 50, -55
960,5, 0,0, 1
Clsn1: 2
  Clsn1[0] = -20, -88, 36, -72
  Clsn1[1] = -24, -60, 5, 0
Clsn2: 1
  Clsn2[0] = -37, -123, 52, -57
960,6, 0,0, 1
Clsn1: 2
  Clsn1[0] = -7, -87, 49, -71
  Clsn1[1] = -24, -60, 5, 0
Clsn2: 1
  Clsn2[0] = -36, -123, 53, -57
960,7, 0,0, 1
Clsn1: 2
  Clsn1[0] = -1, -84, 55, -68
  Clsn1[1] = -24, -60, 5, 0
Clsn2: 1
  Clsn2[0] = -32, -125, 57, -59
960,8, 0,0, 1
Clsn1: 2
  Clsn1[0] = -1, -84, 55, -68
  Clsn1[1] = -24, -60, 5, 0
Clsn2: 1
  Clsn2[0] = -32, -125, 57, -59
960,9, 0,0, 1
Clsn1: 2
  Clsn1[0] = -24, -55, 5, 0
  Clsn1[1] = 2, -83, 58, -67
Clsn2: 1
  Clsn2[0] = -31, -120, 58, -54
960,10, 0,0, 1
Clsn1: 2
  Clsn1[0] = 2, -83, 58, -67
  Clsn1[1] = -24, -55, 5, 0
Clsn2: 1
  Clsn2[0] = -31, -120, 59, -54
960,11, 0,0, 1
Clsn1: 2
  Clsn1[0] = -24, -52, 5, 0
  Clsn1[1] = 2, -78, 58, -62
Clsn2: 1
  Clsn2[0] = -31, -117, 62, -51
960,12, 0,0, 1
Clsn1: 2
  Clsn1[0] = -24, -52, 5, 0
  Clsn1[1] = 2, -78, 58, -62
Clsn2: 1
  Clsn2[0] = -31, -117, 62, -51
960,13, 0,0, 1
Clsn1: 2
  Clsn1[0] = -21, -48, 8, 1
  Clsn1[1] = 2, -78, 58, -62
Clsn2: 1
  Clsn2[0] = -28, -114, 65, -48
960,14, 0,0, 1
Clsn1: 2
  Clsn1[0] = -17, -47, 12, 2
  Clsn1[1] = 2, -78, 58, -62
Clsn2: 1
  Clsn2[0] = -25, -112, 68, -46
960,15, 0,0, 1
Clsn1: 2
  Clsn1[0] = -17, -47, 12, 2
  Clsn1[1] = 2, -78, 58, -62
Clsn2: 1
  Clsn2[0] = -25, -112, 68, -46
960,16, 0,0, 1
Clsn1: 2
  Clsn1[0] = 2, -74, 58, -58
  Clsn1[1] = -17, -47, 12, 2
Clsn2: 1
  Clsn2[0] = -26, -111, 67, -45
960,17, 0,0, 1
Clsn1: 2
  Clsn1[0] = 2, -74, 58, -58
  Clsn1[1] = -17, -47, 12, 2
Clsn2: 1
  Clsn2[0] = -26, -111, 67, -45
960,18, 0,0, 1
Clsn1: 2
  Clsn1[0] = 10, -70, 66, -54
  Clsn1[1] = -17, -47, 12, 2
Clsn2: 1
  Clsn2[0] = -25, -111, 68, -45
960,19, 0,0, 1
Clsn1: 2
  Clsn1[0] = -17, -47, 12, 2
  Clsn1[1] = 10, -70, 66, -54
Clsn2: 1
  Clsn2[0] = -24, -104, 69, -38
960,20, 0,0, 1
Clsn1: 2
  Clsn1[0] = -17, -47, 12, 2
  Clsn1[1] = 10, -70, 66, -54
Clsn2: 1
  Clsn2[0] = -24, -104, 69, -38
960,21, 0,0, 1
Clsn1: 2
  Clsn1[0] = 10, -67, 66, -51
  Clsn1[1] = -17, -47, 12, 2
Clsn2: 1
  Clsn2[0] = -24, -101, 69, -35
960,22, 0,0, 1
Clsn1: 2
  Clsn1[0] = -17, -36, 12, 2
  Clsn1[1] = 10, -67, 66, -51
Clsn2: 1
  Clsn2[0] = -22, -101, 71, -35
960,23, 0,0, 1
Clsn1: 2
  Clsn1[0] = -17, -36, 12, 2
  Clsn1[1] = 10, -67, 66, -51
Clsn2: 1
  Clsn2[0] = -22, -101, 71, -35
961,3, 0,0, 1
Clsn1: 2
  Clsn1[0] = -17, -36, 12, 2
  Clsn1[1] = 10, -67, 66, -51
Clsn2: 1
  Clsn2[0] = -22, -101, 71, -35
961,2, 0,0, 1
Clsn1: 2
  Clsn1[0] = -17, -36, 12, 2
  Clsn1[1] = 10, -67, 66, -51
Clsn2: 1
  Clsn2[0] = -22, -101, 71, -35
961,1, 0,0, 1
Clsn1: 2
  Clsn1[0] = -22, -32, 7, 2
  Clsn1[1] = 10, -62, 66, -46
Clsn2: 1
  Clsn2[0] = -22, -97, 71, -31
961,0, 0,0, 1
Clsn1: 2
  Clsn1[0] = -22, -32, 7, 2
  Clsn1[1] = 10, -62, 66, -46
Clsn2: 1
  Clsn2[0] = -22, -97, 71, -31
960,24, 0,0, 1
Clsn1: 2
  Clsn1[0] = 10, -62, 66, -46
  Clsn1[1] = -22, -32, 7, 2
Clsn2: 1
  Clsn2[0] = -19, -97, 74, -31
960,25, 0,0, 40
Clsn1: 2
  Clsn1[0] = -22, -32, 7, 2
  Clsn1[1] = 10, -62, 66, -46
Clsn2: 1
  Clsn2[0] = -19, -97, 74, -31
960,24, 0,0, 1


;Shoot Bombs
[Begin Action 236]
Clsn1: 2
  Clsn1[0] = -27, -55, 8, 2
  Clsn1[1] = -23, -91, 35, -75
Clsn2: 1
  Clsn2[0] = -52, -127, 39, -55
0,0, 0,0, 40


;Small Rocket
[Begin Action 237]
985,0, 0,0, 2
-1,-1, 0,0, 2


;Large Rocket
[Begin Action 238]
985,0, 0,0, 2
985,1, 0,0, 2


;Hand Rocket
[Begin Action 239]
985,2, 0,0, 2
985,3, 0,0, 2


;Sharp Hand
[Begin Action 240]
Clsn1Default: 1
  Clsn1[0] = 6, -63, 72, -38
980,1, 0,0, 10


;Bomb
[Begin Action 241]
Clsn1: 1
  Clsn1[0] = -15, -25, 14, 2
986,0, 0,0, 50


;Bomb Explod Proj
[Begin Action 242]
Clsn1Default: 1
  Clsn1[0] = -7, -6, 7, 5
986,1, 0,0, 2
-1,-1, 0,0, 2


;Target 1
[Begin Action 243]
987,0, 0,-30, 4


;Target 2
[Begin Action 244]
987,1, 0,-30, 4
987,2, 0,-30, 4


;Target Exp 1
[Begin Action 245]
987,3, 0,0, 5
987,4, 0,0, 5
987,5, 0,0, 5
987,6, 0,0, 5


;Piece 0
[Begin Action 300]
980,0, 0,0, 10


;Piece 1
[Begin Action 301]
980,1, 0,0, 10


;Piece 2
[Begin Action 302]
980,2, 0,0, 10


;Piece 3
[Begin Action 303]
980,3, 0,0, 10


;Piece 4
[Begin Action 304]
980,4, 0,0, 10


;Piece 5
[Begin Action 305]
980,5, 0,0, 10

;-----------------------------------
;KO
[Begin Action 210]
980,0, 0,0, 10


;Explosion Spark
[Begin Action 230]
200,0, 0,0, 4
200,1, 0,0, 4
200,2, 0,0, 4
200,3, 0,0, 4
200,4, 0,0, 4


;Helper Anim
[Begin Action 640]
640,0, 0,0, -1

;---------------------------
; Taunt
[Begin Action 195]
0,0, 0,0, 10


;Intro 0
[Begin Action 196]
190,2, 0,0, 100
190,0, 0,0, 10
Loopstart
190,1, 0,0, 10
Loopstart
0,0, 0,0, 50


;Eggman
[Begin Action 197]
191,2, 0,0, 10


;Eggman Win 1
[Begin Action 198]
191,2, 0,0, 10,H


;Eggman win 2
[Begin Action 199]
196,0, 0,0, 10
Loopstart
196,1, 0,0, 10
196,2, 0,0, 10


;Win 2
[Begin Action 194]
0,0, 0,0, 10
190,1, 0,0, 10
190,0, 0,0, 10
Loopstart
190,2, 0,0, 10


; Turning
[Begin Action 5]
Clsn2Default: 1
  Clsn2[0] = -28, -152, 31, -100
0,0, 0,0, 10
0,1, 0,0, 10


; Stand to crouch
[Begin Action 10]
Clsn2: 2
  Clsn2[0] = -12, 0, 17, -65
  Clsn2[1] = -7, -81, 6, -65
11,0, 0,0, 2
Clsn2: 2
  Clsn2[0] = -12, -52, 17, 0
  Clsn2[1] = -7, -67, 6, -52
11,1, 0,0, 2


; Crouching animation
[Begin Action 11]
Clsn2: 2
  Clsn2[0] = 19, 0, -15, -48
  Clsn2[1] = -6, -62, 6, -48
11,2, 0,0, 1


; Crouch to Stand
[Begin Action 12]
Clsn2: 2
  Clsn2[0] = -12, -52, 17, 0
  Clsn2[1] = -7, -67, 6, -52
11,1, 0,0, 2
Clsn2: 2
  Clsn2[0] = -12, 0, 17, -65
  Clsn2[1] = -7, -81, 6, -65
11,0, 0,0, 2


;Walk Null
[Begin Action 20]
-1,-1, 0,0, 20


;Walk Back Null
[Begin Action 21]
-1,-1, 0,0, 20


; Jump start frame
[Begin Action 40]
Clsn2: 2
  Clsn2[0] = -15, 0, 16, -67
  Clsn2[1] = -6, -83, 6, -67
11,0, 0,0, 3


; Starting Jumping up
[Begin Action 41]
Clsn2: 2
  Clsn2[0] = 12, -11, -11, -94
  Clsn2[1] = -6, -109, 6, -94
41,0, 0,0, 7
Clsn2: 2
  Clsn2[0] = -11, -86, 12, -28
  Clsn2[1] = -6, -101, 8, -86
41,1, 0,0, 4
Clsn2: 2
  Clsn2[0] = -11, -77, 14, -33
  Clsn2[1] = 0, -91, 11, -77
41,2, 0,0, 4
Clsn2: 2
  Clsn2[0] = -11, -73, 14, -35
  Clsn2[1] = 3, -86, 15, -69
41,3, 0,0, 4
Clsn2: 2
  Clsn2[0] = -11, -73, 14, -35
  Clsn2[1] = 3, -86, 15, -69
41,4, 0,0, 4
Clsn2: 2
  Clsn2[0] = -11, -33, 14, -77
  Clsn2[1] = -2, -93, 11, -76
41,5, 0,0, 4
Clsn2: 2
  Clsn2[0] = -11, -84, 14, -27
  Clsn2[1] = -3, -99, 9, -84
41,6, 0,0, 4
Clsn2Default: 2
  Clsn2[0] = 14, -23, -11, -90
  Clsn2[1] = -4, -105, 9, -89
Loopstart
41,7, 0,0, 4
41,8, 0,0, 4


; Starting Jumping forwards
[Begin Action 42]
Clsn2: 2
  Clsn2[0] = 12, -11, -11, -94
  Clsn2[1] = -6, -109, 6, -94
42,0, 0,0, 5
Clsn2: 2
  Clsn2[0] = -11, -86, 14, -28
  Clsn2[1] = 5, -96, 17, -85
42,1, 0,0, 5
Clsn2: 2
  Clsn2[0] = -11, -77, 14, -33
  Clsn2[1] = 0, -91, 11, -77
41,2, 0,0, 3
Clsn2: 2
  Clsn2[0] = -11, -73, 14, -35
  Clsn2[1] = 3, -86, 15, -69
41,3, 0,0, 4
Clsn2: 1
  Clsn2[0] = -18, -75, 18, -44
42,3, 0,0, 3
Clsn2: 1
  Clsn2[0] = -18, -75, 18, -44
42,4, 0,0, 3
Clsn2: 1
  Clsn2[0] = -18, -75, 18, -44
42,5, 0,0, 3
Clsn2: 2
  Clsn2[0] = -11, -33, 14, -77
  Clsn2[1] = -2, -93, 11, -76
41,5, 0,0, 3
Clsn2: 2
  Clsn2[0] = -11, -84, 14, -27
  Clsn2[1] = -3, -99, 9, -84
41,6, 0,0, 5
Clsn2Default: 2
  Clsn2[0] = 14, -23, -11, -90
  Clsn2[1] = -4, -105, 9, -89
Loopstart
41,7, 0,0, 4
41,8, 0,0, 4


; Starting Jumping backwards
[Begin Action 43]
Clsn2: 2
  Clsn2[0] = 12, -11, -11, -94
  Clsn2[1] = -6, -109, 6, -94
43,0, 0,0, 6
Clsn2: 2
  Clsn2[0] = -11, -86, 12, -28
  Clsn2[1] = -6, -101, 8, -86
43,1, 0,0, 5
Clsn2: 2
  Clsn2[0] = -11, -77, 14, -33
  Clsn2[1] = 0, -91, 11, -77
41,2, 0,0, 4
Clsn2: 2
  Clsn2[0] = -11, -73, 14, -35
  Clsn2[1] = 3, -86, 15, -69
41,3, 0,0, 4
Clsn2: 2
  Clsn2[0] = -11, -73, 14, -35
  Clsn2[1] = 3, -86, 15, -69
41,4, 0,0, 4
Clsn2: 2
  Clsn2[0] = -11, -33, 14, -77
  Clsn2[1] = -2, -93, 11, -76
41,5, 0,0, 4
Clsn2: 2
  Clsn2[0] = -11, -84, 14, -27
  Clsn2[1] = -3, -99, 9, -84
41,6, 0,0, 5
Clsn2Default: 2
  Clsn2[0] = 14, -23, -11, -90
  Clsn2[1] = -4, -105, 9, -89
Loopstart
41,7, 0,0, 4
41,8, 0,0, 4

; Peak and coming down from Jumping up
;[Begin Action 44]
; Peak and coming down from Jumping forwards
;[Begin Action 45]
; Peak and coming down from Jumping backwards
;[Begin Action 46]
; Jump land animation
[Begin Action 47]
Clsn2: 2
  Clsn2[0] = 15, 0, -16, -68
  Clsn2[1] = -5, -79, 6, -68
11,0, 0,0, 3


; Run forwards
[Begin Action 100]
Clsn2Default: 2
  Clsn2[0] = 14, 0, -15, -79
  Clsn2[1] = 14, -79, 1, -91
100,0, 0,0, 5
100,1, 0,0, 5
100,2, 0,0, 5
100,3, 0,0, 5
100,4, 0,0, 5
100,5, 0,0, 5


; Hop backwards
[Begin Action 105]
Clsn2: 3
  Clsn2[0] = -9, -94, 14, -56
  Clsn2[1] = 2, -61, 25, -34
  Clsn2[2] = 6, -90, -6, -104
43,0, 0,0, 4
Clsn2: 2
  Clsn2[0] = -8, -28, 10, -81
  Clsn2[1] = 6, -81, -5, -94
43,1, 0,0, 4
Clsn2Default: 2
  Clsn2[0] = -8, -33, 13, -77
  Clsn2[1] = 0, -90, 10, -77
41,6, 0,0, 4
41,3, 0,0, 4
41,2, 0,0, 4
Clsn2: 2
  Clsn2[0] = -8, -28, 10, -81
  Clsn2[1] = 6, -81, -5, -94
41,1, 0,0, -1

;---------------------------
; Lose
[Begin Action 170]
182,0, 0,0, 10

;---------------------------
; Win
[Begin Action 181]
180,0, 0,0, 10
180,1, 0,0, 10

;-----------------------------------
; INTRO
[Begin Action 190]
Clsn2Default: 1
  Clsn2[0] = 17, 0, -12, -83
0,3, 0,0, 7
0,2, 0,0, 7
0,1, 0,0, 7
0,0, 0,0, 20
240,0, -8,0, 4
240,1, -8,0, 3
240,2, -8,0, 6
240,3, -8,0, 5
240,4, -8,0, 4
200,0, 0,0, 4

;--------------------
; GUARDSTART (stand)
[Begin Action 120]
Clsn2Default: 4
  Clsn2[0] = 14, 0, -13, -43
  Clsn2[1] = -11, -43, 12, -86
  Clsn2[2] = -1, -86, -11, -94
  Clsn2[3] = -20, -78, 13, -58
120,0, 0,0, 1


; GUARDSTART (crouch)
[Begin Action 121]
Clsn2: 2
  Clsn2[0] = -17, 0, 16, -56
  Clsn2[1] = 3, -56, -9, -64
121,0, 0,0, 1


; GUARDSTART (air)
[Begin Action 122]
Clsn2: 2
  Clsn2[0] = 22, -38, 0, -88
  Clsn2[1] = 9, -31, -9, -76
122,0, 0,0, 1


; GUARD (stand)
[Begin Action 130]
Clsn2Default: 4
  Clsn2[0] = 14, 0, -13, -43
  Clsn2[1] = -11, -43, 12, -86
  Clsn2[2] = -1, -86, -11, -94
  Clsn2[3] = -20, -78, 13, -58
120,0, 0,0, -1


; GUARD (crouch)
[Begin Action 131]
Clsn2: 2
  Clsn2[0] = -17, 0, 16, -56
  Clsn2[1] = 3, -56, -9, -64
121,0, 0,0, -1


; GUARD (air)
[Begin Action 132]
Clsn2: 2
  Clsn2[0] = 22, -38, 0, -88
  Clsn2[1] = 9, -31, -9, -76
122,0, 0,0, -1


; GUARDEND (stand)
[Begin Action 140]
Clsn2Default: 4
  Clsn2[0] = 14, 0, -13, -43
  Clsn2[1] = -11, -43, 12, -86
  Clsn2[2] = -1, -86, -11, -94
  Clsn2[3] = -20, -78, 13, -58
120,0, 0,0, 5


; GUARDEND (crouch)
[Begin Action 141]
Clsn2: 2
  Clsn2[0] = -17, 0, 16, -56
  Clsn2[1] = 3, -56, -9, -64
121,0, 0,0, 1


; GUARDEND (air)
[Begin Action 142]
Clsn2: 2
  Clsn2[0] = 22, -38, 0, -88
  Clsn2[1] = 9, -31, -9, -76
122,0, 0,0, 1


; Hit back while guarding (stand)
[Begin Action 150]
Clsn2Default: 4
  Clsn2[0] = 14, 0, -13, -43
  Clsn2[1] = -11, -43, 12, -86
  Clsn2[2] = -1, -86, -11, -94
  Clsn2[3] = -20, -78, 13, -58
120,1, 0,0, 4
120,2, 0,0, 8
120,1, 0,0, 4
120,0, 0,0, -1


; Hit back while guarding (crouch)
[Begin Action 151]
Clsn2: 2
  Clsn2[0] = -17, 0, 16, -56
  Clsn2[1] = 3, -56, -9, -64
121,0, 0,0, -1


; Hit back while guarding (air)
[Begin Action 152]
Clsn2: 2
  Clsn2[0] = 22, -38, 0, -88
  Clsn2[1] = 9, -31, -9, -76
122,0, 0,0, -1

;---------------------------
; Stand/Air Hit high (light)
[Begin Action 5000]
Clsn2: 2
  Clsn2[0] = -18, -79, 16, 0
  Clsn2[1] = -17, -94, -4, -79
5000,0, 0,0, 4
Clsn2: 2
  Clsn2[0] = -18, -79, 16, 0
  Clsn2[1] = -12, -77, -25, -94
5000,10, 0,0, 4


;Stand/Air Hit high (medium)
[Begin Action 5001]
Clsn2: 2
  Clsn2[0] = -18, -79, 16, 0
  Clsn2[1] = -12, -77, -25, -94
5000,10, 0,0, 5
Clsn2: 2
  Clsn2[0] = -18, -79, 16, 0
  Clsn2[1] = -32, -89, -15, -60
5000,11, 0,0, 5


;Stand/Air Hit high (hard)
[Begin Action 5002]
Clsn2: 2
  Clsn2[0] = -18, -79, 16, 0
  Clsn2[1] = -32, -89, -15, -60
5000,11, 0,0, 5
Clsn2: 2
  Clsn2[0] = -18, -79, 16, 0
  Clsn2[1] = -14, -55, -37, -87
5000,20, 0,0, 5

;---------------------------
;Stand Recover high (light)
[Begin Action 5005]
Clsn2: 2
  Clsn2[0] = -18, -79, 16, 0
  Clsn2[1] = -32, -89, -15, -60
5000,11, 0,0, 3
Clsn2: 2
  Clsn2[0] = -18, -79, 16, 0
  Clsn2[1] = -12, -77, -25, -94
5000,10, 0,0, 3
Clsn2: 2
  Clsn2[0] = -18, -79, 16, 0
  Clsn2[1] = -17, -94, -4, -79
5000,0, 0,0, -1


;Stand Recover high (medium)
[Begin Action 5006]
Clsn2: 2
  Clsn2[0] = -18, -79, 16, 0
  Clsn2[1] = -14, -55, -37, -87
5000,20, 0,0, 3
Clsn2: 2
  Clsn2[0] = -18, -79, 16, 0
  Clsn2[1] = -32, -89, -15, -60
5000,11, 0,0, 4
Clsn2: 2
  Clsn2[0] = -18, -79, 16, 0
  Clsn2[1] = -12, -77, -25, -94
5000,10, 0,0, 4
Clsn2: 2
  Clsn2[0] = -18, -79, 16, 0
  Clsn2[1] = -17, -94, -4, -79
5000,0, 0,0, -1


;Stand Recover high (hard)
[Begin Action 5007]
Clsn2: 2
  Clsn2[0] = -18, -79, 16, 0
  Clsn2[1] = -14, -55, -37, -87
5000,21, 0,0, 5
Clsn2: 2
  Clsn2[0] = -18, -79, 16, 0
  Clsn2[1] = -32, -89, -15, -60
5000,11, 0,0, 4
Clsn2: 2
  Clsn2[0] = -18, -79, 16, 0
  Clsn2[1] = -12, -77, -25, -94
5000,10, 0,0, 4
Clsn2: 2
  Clsn2[0] = -18, -79, 16, 0
  Clsn2[1] = -17, -94, -4, -79
5000,0, 0,0, -1

;---------------------------
;Stand/Air Hit low (light)
[Begin Action 5010]
Clsn2: 2
  Clsn2[0] = 16, 0, -24, -76
  Clsn2[1] = -12, -72, 1, -88
5010,0, 0,0, 5
Clsn2: 2
  Clsn2[0] = -27, -76, 16, 0
  Clsn2[1] = -12, -66, 1, -81
5010,10, 0,0, 5


;Stand/Air Hit low (medium)
[Begin Action 5011]
Clsn2: 2
  Clsn2[0] = -27, -76, 16, 0
  Clsn2[1] = -12, -66, 1, -81
5010,10, 0,0, 5
Clsn2: 1
  Clsn2[0] = -27, -76, 16, 0
5010,20, 0,0, 5
Clsn2: 1
  Clsn2[0] = -27, -76, 16, 0
5010,21, 0,0, 5


;Stand/Air Hit low (hard)
[Begin Action 5012]
Clsn2Default: 1
  Clsn2[0] = -27, -76, 16, 0
5010,20, 0,0, 1
5010,21, 0,0, 5
5010,20, 0,0, 5
5010,21, 0,0, 5

;---------------------------
;Stand Recover low (light)
[Begin Action 5015]
Clsn2: 2
  Clsn2[0] = -27, -76, 16, 0
  Clsn2[1] = -12, -66, 1, -81
5010,10, 0,0, 1
Clsn2: 2
  Clsn2[0] = 16, 0, -24, -76
  Clsn2[1] = -12, -72, 1, -88
5010,0, 0,0, -1


;Stand Recover low (medium)
[Begin Action 5016]
Clsn2: 1
  Clsn2[0] = -27, -76, 16, 0
5010,20, 0,0, 1
Clsn2: 2
  Clsn2[0] = -27, -76, 16, 0
  Clsn2[1] = -12, -66, 1, -81
5010,10, 0,0, 4
Clsn2: 2
  Clsn2[0] = 16, 0, -24, -76
  Clsn2[1] = -12, -72, 1, -88
5010,0, 0,0, -1


;Stand Recover low (hard)
[Begin Action 5017]
Clsn2: 1
  Clsn2[0] = -27, -76, 16, 0
5010,20, 0,0, 1
Clsn2: 2
  Clsn2[0] = -27, -76, 16, 0
  Clsn2[1] = -12, -66, 1, -81
5010,10, 0,0, -1

;---------------------------
;Crouch Hit (light)
[Begin Action 5020]
Clsn2Default: 3
  Clsn2[0] = 18, 0, -15, -27
  Clsn2[1] = 11, -27, -15, -50
  Clsn2[2] = -2, -49, -14, -62
5020,0, 0,0, 5
5020,10, 0,0, 5


;Crouch Hit (medium)
[Begin Action 5021]
Clsn2Default: 3
  Clsn2[0] = 18, 0, -15, -27
  Clsn2[1] = 11, -27, -15, -50
  Clsn2[2] = -2, -49, -14, -62
5020,10, 0,0, 5
5020,20, 0,0, 5


;Crouch Hit (hard)
[Begin Action 5022]
Clsn2Default: 3
  Clsn2[0] = 18, 0, -15, -27
  Clsn2[1] = 11, -27, -15, -50
  Clsn2[2] = -2, -49, -14, -62
5020,20, 0,0, 5
5020,20, 0,0, 5

;---------------------------
;Crouch Recover (light)
[Begin Action 5025]
Clsn2Default: 3
  Clsn2[0] = 18, 0, -15, -27
  Clsn2[1] = 11, -27, -15, -50
  Clsn2[2] = -2, -49, -14, -62
5020,10, 0,0, 1
5020,0, 0,0, -1


;Crouch Recover (medium)
[Begin Action 5026]
Clsn2Default: 3
  Clsn2[0] = 18, 0, -15, -27
  Clsn2[1] = 11, -27, -15, -50
  Clsn2[2] = -2, -49, -14, -62
5020,20, 0,0, 3
5020,10, 0,0, 5
5020,0, 0,0, -1


;Crouch Recover (hard)
[Begin Action 5027]
Clsn2Default: 3
  Clsn2[0] = 18, 0, -15, -27
  Clsn2[1] = 11, -27, -15, -50
  Clsn2[2] = -2, -49, -14, -62
5020,20, 0,0, 4
5020,10, 0,0, 4
5020,0, 0,0, -1

;---------------------------
;Stand/Air Hit back
[Begin Action 5030]
Clsn2: 2
  Clsn2[0] = -21, -88, 5, -61
  Clsn2[1] = -8, -66, 16, -38
5030,0, 0,0, 5


;Stand/Air Hit transition
[Begin Action 5035]
Clsn2: 2
  Clsn2[0] = -21, -88, 5, -61
  Clsn2[1] = -8, -66, 16, -38
5030,0, 0,0, 4
Clsn2: 2
  Clsn2[0] = 19, -39, -5, -66
  Clsn2[1] = 2, -57, -26, -83
5030,10, 0,0, 7

;---------------------------
;Air Recover
[Begin Action 5040]
Clsn2: 1
  Clsn2[0] = -18, -77, 18, -42
42,5, 0,0, 3
Clsn2: 1
  Clsn2[0] = -18, -77, 18, -42
42,4, 0,0, 3
Clsn2: 1
  Clsn2[0] = -18, -77, 18, -42
42,3, 0,0, 3
Clsn2: 1
  Clsn2[0] = 14, -30, -17, -75
41,4, 0,0, 3
Clsn2: 2
  Clsn2[0] = -11, -33, 14, -77
  Clsn2[1] = -2, -93, 11, -76
41,5, 0,0, 4
Clsn2: 2
  Clsn2[0] = -11, -84, 14, -27
  Clsn2[1] = -3, -99, 9, -84
41,6, 0,0, 4
Clsn2Default: 2
  Clsn2[0] = 14, -23, -11, -90
  Clsn2[1] = -4, -105, 9, -89
Loopstart
41,7, 0,0, 4
41,8, 0,0, 4

;---------------------------
;Air Fall (going up)
[Begin Action 5050]
Clsn2Default: 2
  Clsn2[0] = 24, -44, -2, -76
  Clsn2[1] = -2, -44, -33, -67
5030,30, 0,0, 5
5030,31, 0,0, 5

;---------------------------
;Air Fall (up-type, going up)
[Begin Action 5051]
Clsn2: 1
  Clsn2[0] = -19, -105, 14, -25
5060,0, 0,0, 3
Clsn2: 1
  Clsn2[0] = -19, -105, 14, -25
5060,1, 0,0, 3

;---------------------------
;Air Fall (up-type, coming down)
[Begin Action 5061]
Clsn2: 2
  Clsn2[0] = 5, -61, -24, -98
  Clsn2[1] = -8, -65, 20, -30
5030,0, 0,0, 5
Clsn2: 2
  Clsn2[0] = -31, -85, 0, -55
  Clsn2[1] = 26, -32, -4, -65
5030,10, 0,0, 5
Clsn2: 1
  Clsn2[0] = -33, -69, 24, -44
5030,30, 0,0, 5
Clsn2: 2
  Clsn2[0] = 2, -71, -25, -42
  Clsn2[1] = 0, -58, 22, -86
5030,40, 0,0, 5
Clsn2: 2
  Clsn2[0] = 5, -72, -19, -34
  Clsn2[1] = 18, -96, -4, -63
5030,50, 0,0, 5
Clsn2: 1
  Clsn2[0] = -20, -84, 9, -20
5060,10, 0,0, -1

;---------------------------
;Tripped
[Begin Action 5070]
Clsn2: 2
  Clsn2[0] = 16, 0, -11, -76
  Clsn2[1] = 0, -91, 11, -76
5010,10, 8,0, 5
Clsn2: 2
  Clsn2[0] = -13, -57, 10, -30
  Clsn2[1] = -2, -57, -27, -88
5030,0, -8,0, 5
Clsn2: 2
  Clsn2[0] = 12, -39, -13, -66
  Clsn2[1] = -6, -57, -34, -83
5030,10, -8,0, -1

;---------------------------
;LieDown Hit (stay down)
[Begin Action 5080]
Clsn2Default: 1
  Clsn2[0] = 22, 0, -26, -21
5040,20, 0,0, 4
5040,0, 0,0, 4
5040,10, 0,0, -1

;---------------------------
;LieDown Hit (hit up into air)
[Begin Action 5090]
Clsn2: 2
  Clsn2[0] = 19, -39, -5, -66
  Clsn2[1] = 2, -57, -26, -83
5030,10, 0,0, 7

;---------------------------
; Hit ground from fall
[Begin Action 5100]
Clsn2Default: 1
  Clsn2[0] = 22, 0, -26, -21
5040,0, 0,0, 3


; Bounce into air
[Begin Action 5160]
Clsn2: 1
  Clsn2[0] = -30, -47, 23, -23
5030,30, 0,20, -1


; Hit ground from bounce
[Begin Action 5170]
Clsn2: 1
  Clsn2[0] = 22, 0, -26, -21
5040,0, 0,0, 3

;---------------------------
; Hit ground from fall (up-type)
[Begin Action 5101]
Clsn2Default: 1
  Clsn2[0] = 22, 0, -26, -21
5040,1, 0,0, 4
5040,0, 0,0, 2

;---------------------------
; LieDown
[Begin Action 5110]
Clsn2: 1
  Clsn2[0] = 22, 0, -26, -21
5040,10, 0,0, 1


; Get up from LieDown
[Begin Action 5120]
Clsn2Default: 1
  Clsn2[0] = 17, 0, -13, -53
5040,11, 0,0, 5
11,2, 0,0, 3
11,1, 0,0, 3
11,0, 0,0, 3


;LieDead animation
[Begin Action 5150]
Clsn2: 1
  Clsn2[0] = 22, 0, -26, -21
5040,10, 0,0, 1

;---------------------------
; Fall-recovery near ground
[Begin Action 5200]
Clsn2: 1
  Clsn2[0] = 16, -46, -14, -75
41,4, 0,-120, 3,VH
Clsn2: 1
  Clsn2[0] = -18, -75, 18, -44
42,3, 0,0, 4
Clsn2: 1
  Clsn2[0] = 14, -45, -17, -73
41,4, 0,0, 4
Clsn2: 2
  Clsn2[0] = -8, -28, 10, -81
  Clsn2[1] = 6, -81, -5, -94
41,1, 0,0, -1


;Fall-recovery in mid-air
[Begin Action 5210]
Clsn2: 1
  Clsn2[0] = -18, -75, 18, -44
42,5, 0,0, 3
Clsn2: 1
  Clsn2[0] = -18, -75, 18, -44
42,4, 0,0, 3
Clsn2: 1
  Clsn2[0] = -18, -75, 18, -44
42,3, 0,0, 3
Clsn2: 1
  Clsn2[0] = 14, -45, -17, -73
41,4, 0,0, 3
Clsn2: 2
  Clsn2[0] = -11, -33, 14, -77
  Clsn2[1] = -2, -93, 11, -76
41,5, 0,0, 4
Clsn2: 2
  Clsn2[0] = -11, -84, 14, -27
  Clsn2[1] = -3, -99, 9, -84
41,6, 0,0, 4
Clsn2Default: 2
  Clsn2[0] = 14, -23, -11, -90
  Clsn2[1] = -4, -105, 9, -89
Loopstart
41,7, 0,0, 4
41,8, 0,0, 4

;---------------------------
; Dizzy
[Begin Action 5300]
Clsn2Default: 1
  Clsn2[0] = 22, 0, -20, -87
5300,0, 0,0, 8
5300,1, 0,0, 8
5300,2, 0,0, 8
5300,3, 0,0, 8
5300,2, 0,0, 8
5300,1, 0,0, 8

;---------------------------
; For the sake of compatibility with other characters that use the helper AI
; activation method, please don't change the number of these next two Anims.
[Begin Action 9741]
-1,0, 0,0, -1

; Include the following Anim if AND ONLY IF you've put the requisite 18 commands
; at the very top of your character's CMD.  If you've only included the first 11
; of those commands, then include Anim 9741, but omit 74140108.
; (See accompanying CMD for details.)
[Begin Action 74140108]
-1,0, 0,0, -1


